47 4 28 33 13 24 12 22 10 14 32 45 35 17 6 27 29 5 36 18 26 42 16 43 30 37 8 0 7 39 11 19 46 20 38 31 23 9 41 25 3 34 44 1 40 15 2 21 
31 38 46 19 32 45 17 6 27 35 43 30 37 8 0 7 21 15 10 22 13 12 20 16 26 18 36 5 29 42 14 11 39 2 33 40 28 4 47 41 9 25 3 34 44 23 1 24 
12 24 13 22 10 14 32 45 35 17 6 27 29 5 36 18 26 42 16 43 30 37 8 0 7 21 15 40 33 31 38 47 4 28 1 41 9 25 3 34 44 23 20 46 19 11 39 2 
44 34 9 41 28 4 47 38 31 23 25 3 1 33 13 24 12 22 10 14 11 39 8 0 7 37 30 43 17 6 27 35 29 5 36 18 26 42 16 45 19 46 20 15 21 2 40 32 
40 33 13 24 12 22 10 14 32 45 30 37 8 0 7 21 15 2 39 11 19 46 20 38 31 47 4 28 1 41 9 25 3 34 44 23 29 5 36 18 26 42 16 27 6 17 35 43 
29 5 36 18 26 42 16 27 6 17 35 43 30 37 8 0 7 21 15 13 22 10 14 32 45 19 39 11 46 20 12 38 31 47 4 28 33 2 40 9 41 25 3 34 44 23 1 24 
14 32 45 35 17 6 27 29 5 36 18 26 42 16 43 30 37 8 0 7 21 15 11 19 46 20 12 24 13 22 10 39 2 33 40 28 4 47 38 31 23 9 41 25 34 44 1 3 
32 45 43 30 37 17 35 27 6 36 18 26 42 29 5 16 46 20 38 31 47 4 41 28 33 40 22 13 24 12 14 39 15 21 7 8 0 11 19 10 2 34 44 25 3 9 1 23 
37 43 30 45 32 19 46 22 14 39 15 21 8 7 0 33 40 28 47 4 41 25 3 44 34 23 31 38 24 13 12 20 11 10 18 36 26 42 29 5 27 17 6 16 9 1 2 35 
20 46 22 14 45 37 30 43 27 35 17 6 36 18 26 42 29 5 16 33 40 28 47 4 41 34 44 25 3 24 13 12 38 31 23 32 19 11 39 15 21 7 8 0 10 2 1 9 
9 44 34 41 47 4 38 31 29 42 26 36 18 16 27 35 17 6 43 30 37 14 39 22 13 24 12 46 20 32 19 11 10 33 40 21 15 7 8 0 2 28 1 25 3 23 5 45 
38 31 47 4 41 28 33 40 22 14 45 37 30 43 27 35 17 6 36 18 26 42 29 5 16 39 21 15 8 7 0 32 19 46 20 24 13 12 10 11 2 34 44 25 9 23 1 3 
1 41 47 4 38 31 44 34 25 3 23 9 40 33 24 13 22 20 46 19 35 27 17 6 43 45 32 14 39 21 15 8 37 30 36 18 26 42 29 5 16 11 10 2 7 0 28 12 
2 39 32 45 43 30 37 14 11 46 22 15 21 13 24 38 31 47 4 41 28 40 33 20 12 10 19 35 27 17 6 36 18 26 29 5 16 8 7 0 44 34 25 3 23 9 1 42 
19 46 22 14 45 39 32 35 27 17 6 43 30 37 8 7 0 21 15 40 28 47 4 41 25 3 44 34 23 31 38 24 13 12 20 11 10 5 36 18 26 42 29 16 9 1 2 33 
47 4 41 28 40 33 24 13 22 14 45 39 32 35 27 6 43 30 37 8 7 0 21 15 10 46 20 38 31 23 34 44 25 3 9 12 19 11 42 29 36 18 26 16 5 2 1 17 
16 42 29 36 18 26 5 35 27 17 6 43 45 32 19 46 22 20 38 31 47 4 41 28 39 14 11 10 24 13 33 40 21 15 8 37 30 2 12 25 3 44 34 23 9 1 0 7 
11 39 37 45 43 35 27 17 6 36 18 26 42 29 5 16 46 22 24 13 33 40 28 47 4 41 31 38 23 44 34 25 9 20 14 32 30 19 12 10 21 15 8 7 0 2 1 3 
20 46 32 45 43 35 27 17 6 37 30 39 22 21 15 40 33 28 47 4 41 31 38 24 13 12 11 19 36 18 26 42 29 5 16 10 8 7 0 2 44 34 25 3 23 9 1 14 
22 24 13 38 31 47 4 41 28 40 33 25 3 34 23 9 39 32 45 43 35 27 17 6 36 18 26 42 29 5 16 46 20 12 14 11 19 30 37 8 7 0 21 15 2 10 1 44 
1 41 47 4 38 33 40 28 37 43 35 27 17 6 45 32 19 46 22 20 24 13 12 14 39 21 15 8 7 0 30 42 29 36 18 26 16 5 11 10 2 44 34 25 3 23 9 31 
19 46 24 13 33 40 28 47 4 41 25 3 44 34 23 31 38 22 12 20 39 32 45 43 35 27 6 36 18 26 42 29 5 16 37 30 14 11 10 21 15 8 7 0 2 9 1 17 
17 35 29 42 26 36 18 16 27 6 43 45 32 19 46 22 24 13 33 40 28 47 4 41 31 38 23 44 34 25 3 9 15 21 39 14 11 10 12 30 37 8 7 0 2 5 1 20 
47 4 41 34 44 25 3 28 40 33 24 22 21 15 39 37 45 43 35 27 29 42 26 36 18 16 32 19 46 20 38 31 23 9 13 12 11 14 30 17 6 10 8 7 0 2 1 5 
23 47 4 41 34 44 25 3 28 40 33 24 22 21 15 39 35 27 29 42 26 36 18 16 17 6 43 45 32 19 46 20 38 31 13 12 11 14 30 8 7 0 10 2 9 1 5 37 
7 21 15 40 39 43 35 27 29 42 26 36 18 16 17 6 45 32 19 46 22 24 13 33 47 4 41 34 44 25 3 28 38 31 23 9 20 12 11 14 30 10 8 0 2 5 1 37 
3 25 44 34 41 47 4 38 31 46 24 13 33 40 28 22 14 45 43 35 27 36 18 26 42 29 5 17 37 30 39 32 19 12 20 11 10 21 15 8 7 0 2 23 9 1 16 6 
1 47 4 41 34 44 25 3 28 40 33 24 20 46 32 45 43 30 35 27 17 6 36 18 26 42 29 5 16 22 13 12 31 38 23 9 21 15 8 39 14 11 19 10 2 7 0 37 
34 44 25 3 41 47 4 38 31 24 13 22 12 46 20 32 45 43 30 37 14 39 11 19 35 27 17 6 36 18 26 42 29 5 16 21 15 40 28 1 23 9 10 8 0 7 2 33 
39 17 6 35 29 36 18 26 42 16 5 27 43 30 45 32 14 11 22 13 24 20 46 12 33 40 21 15 7 8 37 0 10 31 38 47 4 41 25 3 34 44 23 9 28 1 2 19 
38 31 47 4 41 25 3 34 44 23 9 28 33 24 13 22 12 46 20 27 35 17 6 43 30 37 8 39 14 32 19 11 10 21 15 40 2 7 0 42 29 26 18 36 5 16 1 45 
40 33 24 13 22 12 46 20 38 31 47 4 41 25 3 34 44 23 9 28 1 37 30 43 17 6 35 45 32 19 14 39 11 10 21 15 7 8 0 2 42 29 26 18 36 5 16 27 
47 4 41 25 3 34 44 23 9 38 31 24 13 22 12 46 20 32 45 43 30 37 8 39 14 19 35 27 17 6 36 18 26 42 29 5 16 21 15 33 40 28 1 10 2 7 0 11 
46 20 31 38 47 4 41 25 3 34 44 23 9 28 33 39 21 15 40 22 13 24 12 11 32 45 35 27 17 6 36 18 26 42 29 5 16 37 30 14 19 10 8 7 0 2 1 43 
8 39 21 15 40 33 24 13 12 46 20 38 31 47 4 41 25 3 36 18 26 42 29 5 27 35 17 6 43 30 45 32 19 14 11 10 7 0 37 16 34 44 23 9 28 1 2 22 
6 27 35 17 43 30 45 32 19 14 39 21 15 40 33 24 13 22 12 20 38 31 47 4 41 25 3 34 44 23 9 28 1 18 36 26 42 29 5 16 37 8 7 0 11 10 2 46 
30 43 17 6 35 27 36 18 26 42 29 5 16 45 32 19 46 20 31 38 47 4 41 25 3 34 44 23 9 28 33 39 14 37 8 7 0 21 15 40 22 13 24 12 10 2 1 11 
22 13 24 20 46 19 32 45 43 30 37 14 39 11 10 12 38 31 47 4 41 25 3 34 44 23 9 28 33 40 21 15 7 8 35 27 17 6 36 18 26 42 29 5 16 2 1 0 
3 25 41 47 4 38 31 24 13 33 40 22 39 14 45 32 19 46 20 12 21 15 7 8 37 30 43 17 6 35 27 36 18 26 42 29 5 16 34 44 23 9 28 1 11 2 0 10 
26 42 29 18 36 5 27 35 17 6 43 32 45 30 37 11 19 46 20 31 38 47 4 41 25 3 44 34 23 9 28 33 40 22 13 24 12 10 39 14 8 7 0 21 2 16 1 15 
22 13 24 31 38 47 4 41 28 33 40 15 14 45 35 27 17 6 43 30 37 8 39 32 19 46 20 12 10 11 29 36 18 26 42 16 5 7 0 2 34 44 25 3 9 23 1 21 
47 4 41 28 38 31 32 45 43 30 37 14 39 21 15 40 33 22 13 12 46 20 19 11 10 17 6 35 27 36 18 26 42 29 5 16 8 7 0 2 34 44 25 3 9 23 1 24 
31 38 47 4 41 25 3 44 34 23 9 33 40 24 13 22 12 46 19 32 45 43 30 37 14 39 11 10 21 15 7 8 0 17 6 35 27 36 18 26 42 29 5 16 28 1 2 20 
9 41 47 4 38 24 13 33 40 22 12 46 20 32 45 43 30 37 14 39 11 19 35 27 17 6 36 18 26 42 29 5 16 21 15 7 8 0 10 2 28 1 25 3 44 34 23 31 
26 42 29 27 35 17 6 43 30 45 32 14 39 21 15 40 33 24 13 22 12 46 20 38 31 47 4 41 25 3 44 34 23 9 28 1 11 10 8 37 7 0 2 36 18 5 16 19 
27 35 29 42 26 36 18 16 5 43 30 45 32 19 46 20 38 31 47 4 41 28 33 40 21 15 22 13 24 12 11 14 39 10 8 37 7 0 2 25 3 44 34 23 9 1 6 17 
33 40 28 47 4 41 25 3 44 34 23 31 38 24 13 22 12 46 20 32 45 43 30 37 14 39 15 21 7 8 0 17 27 35 6 36 18 26 42 29 5 16 19 11 10 2 9 1 
2 33 40 28 47 4 41 25 3 44 34 23 24 13 22 12 46 20 38 31 39 21 15 11 32 45 43 30 37 8 7 0 19 35 27 17 6 36 18 26 42 29 16 14 10 9 1 5 
5 36 18 26 42 29 35 27 17 6 43 32 45 30 37 14 39 21 15 40 33 24 13 22 12 46 20 38 31 47 4 41 28 3 44 34 23 9 10 11 19 16 8 7 0 2 1 25 
45 32 19 46 20 33 40 28 47 4 41 25 3 44 34 23 12 24 13 22 10 37 30 43 17 6 35 27 36 18 26 42 29 5 16 39 14 11 8 7 0 15 2 38 31 9 1 21 
39 14 32 45 43 30 37 8 0 21 15 40 33 22 13 24 12 46 20 38 31 47 4 28 1 25 3 34 44 23 9 26 36 18 29 5 42 16 35 27 6 17 19 11 10 2 7 41 
44 34 25 3 41 47 4 33 24 13 22 12 46 20 38 31 27 35 17 6 43 30 45 32 14 39 11 19 26 36 18 29 5 42 16 37 8 0 21 15 40 28 1 23 9 10 2 7 
44 34 25 3 41 47 4 33 24 13 22 12 46 20 38 31 23 9 28 2 21 15 40 39 14 32 45 43 17 6 35 27 29 26 36 18 5 42 16 19 11 10 37 8 0 7 1 30 
38 31 47 4 41 25 3 34 44 23 9 28 33 24 13 22 12 46 20 19 32 45 37 30 43 17 6 35 27 29 26 36 18 5 42 16 14 39 11 10 8 0 21 2 40 7 1 15 
20 46 19 32 45 37 30 43 17 6 35 27 29 26 36 18 5 42 16 31 38 47 4 41 28 33 24 13 22 12 10 14 39 11 8 0 21 15 40 2 7 25 3 44 34 23 1 9 
7 8 37 30 43 17 6 35 27 29 26 36 18 5 42 16 45 32 14 39 21 15 22 13 24 12 46 20 31 47 4 41 25 3 34 44 23 9 28 33 40 2 10 11 19 0 1 38 
26 36 18 29 5 42 16 35 27 6 17 43 30 45 32 19 46 20 24 13 22 12 31 38 47 4 41 25 3 34 44 23 9 28 33 40 21 15 7 8 14 39 11 10 2 0 1 37 
29 36 18 26 42 16 6 17 43 35 27 5 45 32 19 46 20 24 13 22 12 31 38 47 4 41 25 3 44 23 9 28 33 40 21 15 7 8 37 30 39 14 11 10 2 0 1 34 
25 3 41 47 4 28 33 24 13 22 12 46 20 31 23 9 44 34 21 15 39 14 32 45 43 30 37 8 0 7 27 35 17 6 36 18 26 42 29 5 16 19 11 10 2 40 1 38 
17 6 35 27 36 18 26 42 29 5 16 43 30 37 8 14 32 19 46 20 24 13 22 12 21 15 39 11 10 33 40 28 41 47 4 38 31 23 9 44 34 25 3 1 2 0 7 45 
45 32 19 46 20 24 13 22 12 28 41 47 4 38 31 33 40 21 2 39 14 11 10 37 30 43 17 6 35 27 29 26 36 18 5 42 16 25 3 34 44 23 9 1 8 0 7 15 
28 41 44 34 25 3 9 23 47 4 38 31 24 13 33 40 21 15 8 37 30 43 17 6 35 27 29 26 36 18 5 42 16 45 32 14 39 11 19 46 20 22 10 2 0 7 1 12 
16 42 29 26 18 36 5 27 35 17 6 43 30 45 32 19 46 20 24 13 22 12 31 38 47 4 41 25 34 44 23 9 28 33 40 21 15 8 37 39 14 11 10 2 7 0 1 3 
0 15 21 22 13 24 12 46 20 38 31 47 4 41 25 34 44 23 9 28 33 40 11 32 45 39 14 37 30 43 17 6 35 27 36 18 26 42 29 5 16 19 10 8 7 2 1 3 
33 28 47 4 41 25 3 34 44 23 9 38 31 24 13 22 12 46 20 19 32 45 39 14 11 10 30 43 17 6 35 27 29 36 18 26 42 16 5 37 8 0 7 15 40 2 1 21 
13 24 22 12 46 20 38 31 47 4 41 23 9 44 34 3 28 33 40 21 15 8 37 32 45 39 14 11 19 35 27 17 6 43 30 29 36 18 26 42 16 5 10 2 7 0 1 25 
44 34 25 3 41 47 4 33 24 13 22 12 46 20 38 31 28 10 19 32 45 39 14 11 37 30 43 17 6 35 27 29 36 18 26 42 16 5 8 0 7 15 40 2 23 9 1 21 
20 46 19 32 45 39 14 11 10 22 13 24 12 38 31 47 4 41 25 3 34 44 23 9 33 40 21 15 7 8 37 30 43 17 6 35 27 29 36 18 26 42 16 5 2 0 28 1 
30 43 17 6 35 27 36 18 26 42 29 5 16 45 32 19 46 20 31 38 47 4 41 25 3 34 44 23 9 28 33 22 13 12 10 14 39 11 37 8 0 21 15 40 2 7 1 24 
33 28 47 4 41 25 3 34 44 23 9 38 31 24 13 22 12 46 20 27 35 17 6 43 30 45 32 19 14 39 11 10 21 15 29 26 18 36 5 16 37 8 0 7 40 2 1 42 
34 44 25 3 41 47 4 38 31 23 9 28 33 22 13 12 46 20 29 36 18 26 42 16 17 6 35 27 30 43 45 32 19 14 39 11 10 21 15 8 37 7 0 2 40 1 5 24 
27 35 17 6 36 18 26 42 29 5 16 45 32 19 46 20 30 37 8 15 21 7 0 39 14 11 10 22 13 24 12 38 31 47 4 41 25 3 34 44 23 9 28 33 40 2 1 43 
32 45 39 14 11 22 13 24 12 46 20 38 31 33 40 21 15 7 8 37 30 43 17 6 35 27 36 18 26 42 29 5 16 19 10 2 0 28 4 41 23 9 44 34 25 3 1 47 
44 34 25 3 41 28 33 24 13 22 11 32 45 43 30 37 8 7 0 39 21 15 40 4 47 38 31 20 46 19 29 26 36 18 5 42 16 27 17 6 35 10 12 2 23 9 1 14 
2 22 13 24 12 46 20 38 31 47 4 33 40 21 15 8 37 30 43 17 6 35 27 29 26 36 18 5 42 16 32 14 11 19 10 39 0 7 28 41 23 9 34 44 25 3 1 45 
39 14 32 45 35 17 6 27 29 26 36 18 5 42 16 30 37 8 0 21 15 33 24 13 22 10 46 20 12 38 31 47 4 28 41 23 9 34 44 25 3 1 40 2 11 19 7 43 
13 24 12 40 33 22 10 46 20 38 31 47 41 23 9 34 44 25 3 19 32 45 35 17 6 27 29 26 36 18 5 42 16 43 30 37 8 7 0 39 14 11 21 15 2 28 1 4 
23 38 31 46 20 13 24 12 22 10 39 14 45 32 27 17 6 35 43 30 37 8 0 21 15 33 40 7 18 36 5 29 42 26 16 19 4 47 41 9 34 44 25 3 1 28 2 11 
46 20 24 13 22 12 15 21 2 39 14 32 45 43 30 37 8 0 7 35 27 18 36 5 29 42 26 16 17 19 11 10 38 31 47 4 40 33 28 41 23 9 34 44 25 3 1 6 
20 46 19 32 45 35 27 6 17 43 30 37 8 7 0 39 14 11 10 22 13 24 12 38 31 47 4 33 15 21 2 29 26 36 18 5 42 16 44 34 25 3 41 23 9 28 1 40 
26 36 18 16 42 29 5 27 17 6 35 43 30 37 8 7 0 39 14 32 45 19 46 20 24 13 22 10 12 38 31 47 4 33 40 21 15 2 11 28 41 23 9 34 25 3 1 44 
27 29 26 36 18 5 42 16 35 17 6 43 30 37 8 7 0 39 14 32 45 19 46 12 24 13 22 10 11 21 15 40 33 4 47 41 25 3 34 44 23 9 38 31 28 1 2 20 
36 18 26 42 29 5 27 17 6 35 43 30 45 32 14 11 22 13 24 12 46 20 38 31 47 4 33 40 21 15 7 8 0 39 10 19 16 34 44 23 9 41 28 1 25 3 2 37 
25 3 41 28 33 24 13 22 12 46 20 38 31 47 4 23 9 44 34 35 27 6 17 43 30 45 32 14 11 19 29 26 36 18 5 42 16 39 8 0 21 15 7 10 2 40 1 37 
6 17 43 35 27 36 18 26 42 29 16 45 32 14 30 37 8 7 0 39 21 15 40 33 22 13 24 12 46 20 38 31 47 4 41 23 9 44 34 25 3 10 11 19 2 28 1 5 
39 14 32 45 43 30 27 29 26 36 18 5 42 16 35 17 6 19 46 20 24 13 22 11 10 12 38 31 47 4 41 25 3 34 44 23 9 28 33 40 21 15 2 8 0 7 1 37 
12 24 13 31 38 47 4 41 23 9 44 34 25 3 28 33 40 21 15 7 8 37 30 43 35 27 6 36 18 26 42 29 5 16 45 32 14 19 46 20 22 10 11 39 2 0 1 17 
32 45 35 27 6 17 43 30 26 36 18 16 42 29 5 20 46 19 12 24 13 22 10 14 11 39 8 0 21 15 33 40 28 41 31 38 47 4 23 9 44 34 25 3 1 2 7 37 
20 46 19 32 45 35 27 6 17 43 30 37 8 7 0 39 14 11 10 22 13 24 12 38 31 47 4 41 23 9 40 33 15 21 2 29 42 26 18 36 16 34 44 25 3 1 28 5 
1 40 33 22 13 24 12 46 20 38 31 47 4 41 23 9 44 34 25 3 28 21 15 7 8 37 30 43 17 35 27 29 26 36 18 5 42 16 45 32 14 11 19 10 39 2 0 6 
29 26 18 36 5 27 35 17 6 43 30 45 32 14 39 11 19 46 20 24 13 22 12 10 33 40 21 15 7 8 37 0 2 47 4 41 25 3 34 44 23 9 38 31 28 1 16 42 
26 36 18 29 5 42 16 35 27 6 17 43 30 45 32 14 39 11 19 46 20 24 13 22 10 12 38 31 47 4 41 25 3 34 44 23 9 28 1 40 21 15 7 8 37 0 2 33 
25 3 41 38 31 47 4 28 33 24 13 22 12 46 20 19 32 45 37 30 43 17 6 35 27 36 18 26 42 16 5 14 39 11 10 15 21 2 40 8 0 7 23 9 44 34 1 29 
22 13 24 12 46 20 38 31 47 4 41 25 3 34 44 23 9 28 33 40 21 15 7 8 37 30 43 17 6 35 27 29 18 36 5 42 16 45 32 14 39 11 19 10 2 0 1 26 
11 32 45 37 30 43 17 6 35 27 29 26 36 18 5 42 16 39 14 20 46 12 24 13 22 10 21 15 8 0 7 33 40 28 41 34 44 23 9 25 3 31 38 47 4 2 1 19 
7 8 37 30 43 17 6 35 27 29 26 36 18 5 42 16 45 32 14 39 0 15 21 2 12 13 22 10 11 19 46 20 24 31 38 4 47 23 9 25 3 34 44 28 1 41 33 40 
11 14 32 29 5 18 36 26 16 42 6 17 30 37 8 0 7 15 21 2 13 22 10 12 20 24 4 47 25 3 9 23 31 28 1 40 33 39 35 27 43 45 19 46 34 44 41 38 
42 18 26 5 29 27 6 17 35 32 11 10 14 39 0 7 8 37 30 43 45 19 22 12 13 24 20 38 31 4 47 23 9 25 3 34 44 16 36 2 21 15 33 28 1 41 40 46 42 
5 18 36 26 16 42 29 17 6 27 35 32 11 10 14 39 0 7 8 37 30 43 45 19 22 12 13 24 20 38 31 4 47 23 9 25 3 33 2 21 40 1 28 41 34 44 46 15 
20 12 13 22 10 11 14 32 27 6 17 35 5 18 36 26 16 42 29 19 45 37 7 0 8 39 2 21 15 33 24 31 38 4 47 23 9 25 3 34 44 28 1 41 40 43 46 30 
43 6 17 27 5 18 36 26 16 42 29 35 19 11 14 32 45 10 12 13 24 20 38 31 4 47 23 9 25 3 28 1 34 44 41 2 15 21 0 7 8 37 30 39 33 40 46 22 
8 0 7 15 21 2 13 12 10 11 14 32 30 37 19 27 6 17 35 5 18 36 26 16 42 29 43 45 39 22 20 38 31 4 47 23 9 25 3 34 44 28 1 41 33 40 46 24 
24 12 10 11 14 32 37 8 0 15 21 2 22 13 33 20 38 31 4 47 23 9 25 3 34 44 28 1 41 19 39 30 43 6 17 27 5 26 18 36 29 42 16 35 45 46 40 7 
33 2 15 21 0 7 8 37 14 11 10 22 12 13 24 20 38 31 4 47 23 9 25 3 34 44 26 18 36 5 29 27 6 17 35 43 32 45 19 46 39 28 1 41 40 16 42 30 
38 31 12 13 22 10 11 14 32 35 6 17 27 5 26 18 36 29 42 16 19 20 24 4 47 23 9 25 3 34 44 28 1 40 2 15 21 0 7 8 37 30 43 45 39 33 41 46 
43 6 17 27 5 26 18 36 29 42 16 19 11 14 32 10 20 12 13 22 2 15 21 0 7 8 37 30 35 39 24 31 38 4 47 23 9 25 3 34 44 28 1 41 33 40 46 45 
44 34 3 25 9 23 24 12 10 11 14 32 43 17 6 27 5 26 18 36 29 42 16 30 37 8 0 7 15 21 2 22 13 33 28 1 4 47 38 31 20 46 19 35 45 40 41 39 
38 31 12 13 22 10 11 14 32 43 17 6 27 5 26 18 36 29 42 16 30 37 8 0 7 15 21 2 33 24 20 46 19 35 45 39 4 47 23 9 25 3 34 44 41 1 40 28 
25 3 9 23 31 38 12 13 22 10 11 14 32 39 0 7 8 37 30 43 6 17 27 5 26 18 36 29 42 16 35 45 19 46 20 24 4 47 28 1 41 33 2 21 15 34 44 40 
10 11 14 32 39 0 7 8 37 30 43 6 17 27 5 26 18 36 29 42 16 35 45 19 46 12 13 22 2 21 15 33 24 20 31 38 4 28 1 3 25 9 23 34 44 41 40 47 
1 13 22 10 11 14 32 39 0 7 8 37 30 43 6 17 27 5 26 18 36 29 42 16 35 45 19 46 12 20 24 31 38 4 47 28 33 21 15 40 9 23 34 44 3 25 41 2 
45 14 11 10 20 12 13 22 2 15 21 0 7 8 37 30 43 6 17 27 5 26 18 36 29 42 16 32 19 46 24 31 38 4 47 23 9 34 44 3 1 28 33 40 39 35 41 25 
29 5 26 18 36 16 42 17 6 27 35 43 30 37 8 0 7 15 21 2 13 22 10 11 14 32 45 39 12 24 20 46 31 38 4 47 28 1 9 23 34 44 3 25 41 33 40 19 
35 6 17 43 30 37 8 0 7 15 21 2 13 22 10 11 14 32 45 19 39 12 24 20 46 26 18 36 5 29 42 16 28 4 47 31 38 23 9 25 3 34 44 41 1 33 40 27 
16 18 36 5 26 29 27 6 17 35 42 19 11 14 32 45 30 37 8 0 7 15 21 2 13 22 10 12 24 20 46 31 4 47 28 1 9 23 34 44 3 25 41 33 40 39 43 38 
42 18 36 5 26 16 29 17 6 27 37 8 0 7 15 21 2 13 22 10 11 14 32 45 30 43 19 46 12 20 24 31 38 4 47 28 1 9 23 34 44 3 25 41 33 40 39 35 
5 26 18 36 27 6 17 35 29 42 16 14 11 10 22 12 13 24 20 46 19 32 45 30 37 8 0 7 15 21 2 33 28 4 47 38 23 9 25 3 34 44 41 1 40 39 43 31 
28 4 47 23 31 38 12 13 22 10 11 14 32 43 17 6 27 5 26 18 36 29 42 16 30 37 8 0 7 15 21 2 33 24 20 46 19 35 45 39 40 1 3 25 34 44 41 9 
20 12 10 11 14 32 19 22 2 13 24 7 0 8 37 30 29 5 18 26 16 42 6 17 27 35 43 45 39 15 21 33 4 47 28 1 3 25 9 23 31 38 41 34 44 40 46 36 
38 24 12 10 11 14 32 19 20 22 2 0 7 8 37 30 35 6 17 27 5 18 26 16 36 29 42 43 45 39 13 33 4 47 23 9 25 3 1 28 34 44 31 41 15 40 46 21 
4 47 13 12 10 11 19 32 45 8 0 7 15 21 2 22 24 20 38 31 9 23 25 3 1 28 33 39 17 6 27 5 18 26 16 36 29 42 35 43 30 37 40 41 34 44 46 14 
45 14 11 10 22 2 13 24 19 32 6 17 27 5 18 26 16 36 29 42 35 37 8 0 7 15 21 33 4 47 23 9 25 3 1 28 34 44 31 38 20 46 30 43 39 40 41 12 
36 5 18 26 16 29 27 6 17 35 30 37 7 0 8 14 11 19 32 45 39 2 15 21 13 12 20 24 22 33 4 47 23 9 25 3 1 28 38 31 41 34 44 40 43 42 46 10 
44 34 3 25 9 23 4 47 20 12 11 10 22 2 13 24 31 38 15 21 0 7 8 30 37 14 32 45 17 6 27 5 18 26 16 36 29 42 35 43 39 33 28 1 41 40 46 19 
4 47 13 12 10 11 14 32 19 20 24 22 2 15 21 0 7 8 37 30 36 5 18 26 16 42 29 6 17 27 35 43 45 39 38 31 23 9 25 3 1 28 40 41 34 44 46 33 
42 16 18 26 5 29 27 6 17 35 19 11 10 12 13 22 2 15 21 0 7 8 32 14 39 30 37 45 20 24 28 1 3 25 9 23 31 38 4 47 33 40 41 34 44 36 46 43 
13 12 10 11 14 32 19 20 24 22 2 15 21 7 8 37 30 35 6 17 27 5 18 26 16 36 29 42 43 45 39 33 4 47 28 1 3 25 9 23 31 38 41 34 44 40 46 0 
36 5 18 26 16 29 27 6 17 35 30 37 7 0 8 14 11 10 12 13 22 2 15 21 33 4 47 23 9 25 3 1 34 44 31 38 20 24 32 19 45 39 42 43 46 40 41 28 
15 21 0 7 8 17 6 27 5 18 26 16 36 29 42 19 11 10 12 13 22 2 24 20 38 31 4 47 23 9 25 3 1 28 33 39 14 32 45 30 37 35 43 46 40 34 44 41 15 
18 26 5 29 27 6 17 35 30 37 7 0 8 14 11 10 12 13 22 2 15 21 39 20 24 4 47 28 1 3 25 9 23 31 38 19 32 45 43 16 36 42 34 44 41 40 46 33 
27 6 17 35 5 18 26 16 36 29 42 13 12 14 11 10 22 2 15 21 7 8 37 30 43 32 19 45 39 20 24 31 38 4 47 23 9 25 3 28 1 40 33 41 34 44 46 0 
29 5 18 26 16 36 27 6 17 35 32 11 10 13 20 12 22 2 15 21 0 7 8 37 30 43 42 14 39 19 45 28 1 3 25 34 44 23 31 38 4 47 24 33 40 41 46 9 
33 2 13 12 11 10 22 14 32 19 24 20 38 31 4 47 23 9 25 3 5 18 36 16 42 29 6 17 27 35 43 30 37 7 0 8 39 21 15 40 1 28 41 34 44 45 46 26 
19 11 10 12 13 22 2 15 21 0 7 8 32 14 39 30 37 18 26 5 29 27 17 35 42 16 36 43 45 20 24 28 1 3 25 9 23 31 38 4 47 33 40 41 34 44 46 6 
4 47 22 10 11 14 32 19 20 12 13 24 31 38 9 23 28 1 3 25 34 44 33 2 15 21 7 8 37 30 43 6 17 27 5 18 26 16 36 29 42 35 45 39 40 41 46 0 
38 31 12 13 22 10 11 14 32 19 27 6 17 35 5 18 26 16 36 29 42 30 43 45 8 0 7 15 21 2 33 24 4 47 23 9 25 3 28 1 41 34 44 20 46 39 40 37 
13 22 10 11 14 32 19 20 12 24 4 47 28 1 3 25 9 23 31 38 15 21 0 7 8 37 30 43 6 17 27 5 18 26 16 36 29 42 35 45 39 2 33 40 41 34 44 46 13 
45 14 11 10 13 22 2 15 21 0 7 8 37 30 43 6 17 27 5 18 26 16 36 29 42 32 19 35 20 12 24 28 1 4 47 31 38 23 9 25 3 34 44 41 39 40 46 33 
38 31 12 13 22 2 15 21 0 7 8 32 11 14 39 20 24 4 47 23 9 25 3 28 1 40 33 19 35 6 17 27 5 18 26 16 36 29 42 30 37 43 45 46 34 44 41 10 
23 9 25 4 47 24 12 10 11 14 32 19 22 2 15 21 0 7 8 37 30 43 6 17 27 5 18 26 16 36 29 42 35 45 39 13 33 28 1 40 20 38 31 41 34 44 46 3 
36 18 5 26 16 42 29 17 6 27 35 32 11 10 13 22 2 15 21 0 7 8 37 30 43 45 14 39 12 20 24 31 38 4 47 23 9 25 3 28 1 40 33 41 34 44 46 19 
16 18 26 5 29 27 17 35 19 10 11 14 24 12 13 2 8 0 7 15 21 22 20 31 38 4 47 9 3 25 1 28 33 39 30 37 32 45 43 36 42 34 44 23 41 40 46 6 
17 6 27 5 18 26 16 29 35 19 10 11 14 32 43 30 37 0 7 2 13 12 20 22 21 15 28 1 3 25 9 23 4 47 24 31 38 33 39 45 36 42 40 34 44 41 46 8 
4 47 9 3 25 1 23 20 10 11 14 19 17 6 27 5 18 36 16 29 35 30 37 0 7 8 15 21 2 13 12 22 24 31 38 28 33 39 32 45 43 42 34 44 41 40 46 26 
35 6 17 27 5 18 26 16 29 36 42 8 0 7 2 10 11 14 30 37 22 12 13 24 4 47 9 3 25 1 28 20 19 32 45 39 15 33 38 31 23 34 44 41 40 43 46 21 
24 12 10 11 14 8 0 7 2 13 20 19 22 15 21 30 6 17 27 5 18 26 16 29 35 32 45 37 36 42 3 25 1 4 47 23 9 34 44 28 31 38 33 39 40 41 46 43 
15 2 0 7 8 11 10 12 13 22 14 30 6 17 27 5 18 26 16 29 35 32 19 24 4 47 20 31 38 9 3 25 1 28 33 21 39 43 36 42 45 46 23 34 44 41 40 37 
5 26 16 29 27 6 17 35 30 37 0 7 8 11 10 12 13 22 2 15 21 14 32 19 24 4 47 20 31 38 9 3 25 1 28 33 39 43 36 42 45 46 23 34 44 41 40 18 
19 10 11 14 30 17 6 27 5 18 26 16 36 35 32 45 8 0 7 15 21 2 13 12 20 24 4 47 23 9 3 25 1 28 31 38 22 33 39 37 43 42 41 34 44 40 46 29 
7 0 8 14 11 10 12 13 22 2 21 24 4 47 20 31 38 9 3 25 1 28 32 19 17 6 27 5 18 26 16 29 36 35 30 37 39 40 33 23 34 44 41 42 43 45 46 15 
21 0 7 8 14 11 10 12 13 24 4 47 20 31 38 2 15 30 17 6 27 5 18 26 16 29 36 35 32 19 39 37 43 45 33 28 1 3 25 9 23 34 44 41 40 42 46 22 
14 11 10 12 13 22 2 15 21 0 7 8 37 30 17 6 27 5 18 26 16 29 36 35 32 19 33 4 47 23 9 3 25 1 28 24 20 31 38 39 40 41 34 44 42 43 46 45 
21 0 7 11 10 12 13 22 2 15 17 6 27 5 18 26 16 29 36 35 30 37 14 32 19 39 33 4 47 23 9 3 25 1 28 24 20 31 38 40 41 34 44 42 43 45 46 8 
18 26 5 29 27 6 17 35 30 37 0 7 8 14 11 10 12 13 22 2 15 21 32 19 24 4 47 28 1 3 25 9 34 44 20 31 38 33 39 43 42 16 36 45 46 40 41 23 
39 0 7 8 14 11 10 12 13 22 2 15 21 19 32 45 6 17 27 29 18 26 16 36 35 30 37 43 24 4 47 23 9 3 25 1 28 33 38 31 20 46 40 34 44 41 42 5 
29 5 18 26 16 36 6 17 27 35 30 43 11 10 12 13 22 2 8 0 7 14 32 19 31 38 4 47 9 23 20 24 28 1 3 25 34 44 41 15 21 33 39 45 42 46 40 37 
19 11 10 12 13 22 2 8 0 7 15 21 14 32 39 20 24 4 23 9 3 25 1 28 33 38 31 26 16 18 36 5 27 6 17 35 29 42 30 37 43 45 46 34 44 41 40 47 
35 6 17 27 5 18 26 16 29 36 42 11 10 12 13 22 2 15 21 0 7 8 30 37 14 32 45 39 20 24 4 47 23 9 3 25 1 28 33 38 31 41 34 44 40 43 46 19 
18 26 5 29 27 6 17 35 30 37 7 0 8 14 11 10 12 13 22 2 15 21 33 4 47 23 9 3 25 1 28 24 20 31 38 19 32 45 39 40 34 44 36 16 42 43 46 41 
33 2 10 11 19 27 6 17 35 5 18 26 16 29 36 42 20 12 13 22 15 21 0 7 8 37 30 43 32 45 39 24 4 47 23 9 3 25 1 28 38 31 41 34 44 40 46 14 
4 47 13 12 10 11 14 32 19 20 24 22 2 15 21 0 7 8 37 30 17 6 27 5 29 26 16 36 35 43 45 39 33 28 1 3 25 9 23 31 38 41 34 44 40 42 46 18 
45 14 11 10 12 13 22 2 15 21 0 7 8 37 30 17 6 27 5 18 26 16 29 36 35 32 19 38 24 4 47 20 31 9 3 25 1 28 33 40 39 43 42 34 44 41 46 23 
11 10 12 13 22 2 15 21 0 8 17 6 27 5 18 26 16 29 36 35 30 37 14 32 19 39 33 4 47 23 9 3 25 1 28 24 20 38 31 40 41 34 44 42 43 45 46 7 
28 1 3 25 9 23 4 47 13 12 10 11 14 32 19 17 6 27 5 18 26 16 29 36 35 30 37 7 0 8 21 2 15 22 24 31 38 33 39 43 45 42 34 44 41 46 40 20 
16 42 36 18 27 35 43 37 45 32 30 39 22 33 40 38 47 4 41 34 44 25 28 31 46 20 24 13 12 19 17 6 29 26 5 21 15 10 14 11 8 7 0 2 23 9 1 3 
46 32 45 43 35 27 29 42 36 18 26 16 17 6 37 30 39 22 24 31 38 47 4 41 34 44 25 3 23 9 40 33 21 15 13 20 19 14 11 10 12 8 7 0 2 5 1 28 
23 47 4 41 38 31 46 32 45 43 35 17 6 42 29 36 18 26 16 5 39 22 24 13 33 40 28 25 3 44 34 9 21 15 14 11 19 37 30 10 20 12 8 7 0 2 1 27 
44 34 41 47 4 38 31 46 32 45 43 35 27 29 42 36 18 26 16 17 6 37 30 39 22 24 13 33 40 28 25 3 23 9 20 19 14 11 12 10 21 8 7 0 2 5 1 15 
25 3 44 34 41 47 4 38 31 46 32 45 43 35 27 29 42 36 18 26 16 17 6 37 30 39 22 24 13 33 40 28 21 15 10 19 20 12 11 8 7 0 2 23 9 1 5 14 
36 26 42 29 35 43 45 39 46 32 37 30 27 17 6 19 24 38 47 4 41 44 34 25 3 31 33 40 28 23 13 22 20 12 21 15 11 10 18 16 5 8 7 0 2 9 1 14 
2 40 47 4 41 44 34 25 3 38 31 46 39 45 43 35 29 42 36 26 18 17 27 6 37 30 32 19 22 33 28 24 13 20 14 11 12 10 21 8 7 0 23 9 1 16 5 15 
31 45 43 35 27 30 37 39 32 20 46 24 38 47 4 41 34 44 25 3 28 40 33 22 14 19 29 36 26 18 16 17 6 11 13 12 10 21 15 8 7 0 2 23 9 1 5 42 
23 47 4 41 44 34 25 3 38 31 46 32 43 35 27 36 26 42 29 18 16 17 6 37 39 22 33 40 28 24 13 20 19 14 11 12 10 30 21 15 8 7 0 2 9 1 5 45 
7 39 45 43 35 27 29 42 36 18 26 16 17 6 37 30 32 19 46 24 38 47 4 41 34 25 3 28 40 33 22 14 11 15 21 10 20 31 23 9 13 12 8 0 2 5 1 44 
2 0 7 8 11 10 12 13 22 14 19 6 17 27 5 18 26 16 29 35 30 37 15 21 24 4 41 1 3 25 9 23 28 31 38 33 32 39 40 34 44 36 42 43 45 46 47 20 
22 2 0 7 8 11 10 12 13 24 4 47 1 3 25 9 23 20 19 14 30 6 17 27 5 18 26 16 29 35 32 39 21 28 31 38 33 37 42 36 43 45 40 34 44 41 46 15 
37 0 2 8 7 6 17 27 5 18 26 16 29 35 11 10 12 13 21 15 4 28 1 3 25 9 23 20 14 19 22 24 31 38 33 32 30 43 36 42 39 40 34 44 41 47 45 46 
39 0 2 7 8 10 11 14 15 21 4 28 1 3 25 9 23 12 13 22 17 6 18 5 26 16 27 29 35 19 20 24 31 38 32 30 37 36 42 34 44 40 41 47 43 45 46 33 
3 25 1 2 0 7 8 10 11 12 13 19 5 16 18 26 27 6 17 29 35 14 21 15 4 28 9 23 20 22 24 31 38 32 30 37 36 42 33 39 40 34 41 46 43 45 47 44 
11 46 45 43 37 39 33 47 38 31 44 34 41 28 40 32 35 30 42 36 29 27 26 18 16 19 24 22 21 15 17 6 14 20 13 12 10 23 25 3 9 8 2 5 4 1 0 7 
27 5 18 26 16 29 17 6 35 14 11 13 12 20 19 30 37 0 7 8 15 21 2 22 24 4 47 9 3 25 1 28 23 31 38 32 43 36 42 39 33 40 34 44 41 45 46 10 
35 6 17 27 5 18 26 16 29 36 42 7 0 8 11 10 12 13 22 2 15 21 14 30 37 32 19 20 24 4 47 9 3 25 1 28 23 31 38 33 39 43 45 40 41 44 46 34 
28 1 3 25 9 23 4 47 12 10 11 14 8 0 7 2 13 22 15 21 19 17 6 27 5 18 26 16 29 35 30 37 32 43 36 42 20 24 31 38 33 39 45 46 34 44 41 40 
42 5 18 26 16 17 6 27 29 35 14 10 11 12 13 22 2 0 7 8 21 15 19 20 24 4 47 9 3 25 1 28 23 31 38 32 30 37 39 33 40 34 44 41 36 43 46 45 
15 0 8 11 10 12 13 22 2 17 6 27 5 18 26 16 29 35 19 14 32 39 21 20 24 4 47 9 3 25 1 28 23 31 38 33 40 30 37 43 36 42 45 46 34 44 41 7 
17 6 35 27 36 18 26 42 29 16 43 30 45 32 14 39 11 19 46 20 24 13 22 12 10 33 40 21 15 7 8 37 0 2 47 4 41 25 3 34 44 23 9 38 31 28 1 5 
43 30 37 14 39 21 15 22 13 24 12 46 19 32 45 35 27 6 17 36 18 26 42 29 5 16 25 3 41 44 34 9 23 47 4 33 40 11 10 8 0 7 2 38 31 28 1 20 
46 20 24 13 22 12 19 32 45 37 30 43 17 6 35 27 29 26 36 18 5 42 16 38 31 47 4 41 23 9 44 34 25 3 1 40 33 14 39 11 10 8 0 21 15 7 2 28 
10 22 19 46 20 24 13 33 40 21 15 7 8 37 30 43 35 27 6 36 18 26 42 29 5 16 45 32 14 39 11 12 38 31 47 4 41 25 3 34 44 23 9 28 1 2 0 17 
37 30 43 17 6 35 27 29 26 36 18 5 42 16 45 32 14 39 11 19 46 20 24 13 22 10 12 38 31 47 4 41 25 3 34 44 23 9 28 33 40 21 15 2 8 0 1 7 
24 13 22 12 46 20 38 31 47 4 41 25 3 34 44 23 9 28 33 40 21 15 7 8 37 30 43 17 35 27 29 26 36 18 5 42 16 45 32 14 39 11 19 10 2 0 1 6 
30 43 17 6 35 27 29 26 18 5 42 16 45 32 14 39 11 19 46 20 24 13 22 12 10 33 40 21 15 7 8 37 0 2 47 4 41 25 3 34 44 23 9 38 31 28 1 36 
3 25 41 47 4 33 24 13 22 12 46 20 38 31 28 40 21 15 8 37 30 43 17 6 35 27 29 26 36 18 5 42 16 45 32 14 39 11 19 10 2 0 7 34 44 23 9 1 
38 31 47 4 41 25 3 34 44 23 9 28 33 24 13 22 12 46 20 19 32 45 37 30 43 35 27 6 36 18 26 42 29 5 16 15 21 2 39 14 11 10 8 0 7 40 1 17 
2 32 45 37 30 43 17 6 35 27 29 26 36 18 5 42 16 34 44 25 3 41 47 4 33 40 22 12 24 38 31 23 9 28 1 39 14 11 19 46 20 10 21 15 7 8 0 13 
29 27 35 17 6 43 30 45 32 14 39 11 19 46 20 24 13 22 12 10 33 40 21 15 7 8 37 0 2 38 31 28 4 41 23 9 44 34 25 3 1 42 26 18 36 5 16 47 
7 8 37 30 43 17 6 35 27 29 36 18 26 42 16 5 45 32 14 39 21 15 33 24 13 22 12 46 20 38 31 47 4 41 25 3 34 44 23 9 28 1 40 2 11 19 0 10 
44 34 25 3 41 47 4 33 24 13 22 12 46 20 38 31 28 10 19 32 45 30 37 8 14 39 11 35 27 17 6 36 18 26 42 29 5 16 21 15 7 0 2 40 9 23 1 43 
1 41 47 4 33 24 13 22 12 46 20 38 31 28 40 21 15 8 37 32 45 39 14 11 19 35 27 6 43 30 29 36 18 26 42 16 5 25 3 34 44 23 9 10 2 0 7 17 
36 18 26 42 29 5 27 35 17 6 43 30 45 32 19 46 20 24 13 33 40 21 15 8 37 39 14 11 10 12 38 31 47 4 41 25 3 34 44 23 9 28 1 2 0 7 16 22 
36 18 26 42 29 5 27 35 17 6 43 30 45 32 19 46 20 24 13 22 12 14 39 11 10 33 40 21 15 7 8 37 0 2 38 31 28 4 41 23 9 44 34 25 3 1 16 47 
9 41 47 4 33 24 13 22 12 46 20 38 28 19 32 45 37 30 43 17 6 35 27 29 36 18 26 42 16 5 15 21 2 39 14 11 10 8 0 7 40 23 44 34 25 3 1 31 
37 30 43 17 6 35 27 29 26 36 18 5 42 16 45 32 14 39 11 19 46 20 22 13 33 40 21 15 7 8 0 10 12 38 31 47 4 41 25 3 34 44 23 9 28 1 2 24 
4 47 41 25 3 34 44 23 9 38 31 24 13 22 12 46 20 32 45 39 14 11 19 35 27 17 6 43 30 37 8 0 7 15 40 33 10 2 29 36 18 26 42 16 5 28 1 21 
9 41 47 38 31 24 13 22 12 46 20 32 45 39 14 11 19 35 27 17 6 43 30 37 8 0 21 15 40 33 10 2 28 1 25 3 44 34 23 42 29 26 18 36 5 16 7 4 
1 41 47 4 33 24 13 22 12 20 38 31 28 40 21 15 8 37 32 45 39 14 11 19 35 27 17 6 43 30 36 18 26 42 29 5 16 44 34 25 3 9 23 10 2 7 0 46 
31 38 47 4 41 25 3 34 44 23 9 28 33 24 13 22 12 46 20 32 45 39 14 11 10 30 43 17 6 35 27 29 36 18 26 42 16 5 37 8 0 21 15 40 2 7 1 19 
7 8 37 35 27 17 6 43 30 45 32 19 46 20 24 13 22 12 26 36 18 29 5 42 16 39 14 11 10 33 40 21 15 2 0 38 31 28 4 41 23 9 44 34 25 3 1 47 
44 34 25 3 41 47 4 33 24 13 22 12 46 20 38 31 23 9 28 1 40 21 15 7 8 37 30 43 17 6 35 36 18 26 42 29 5 16 45 32 14 11 19 10 39 2 0 27 
38 31 33 24 13 22 10 14 39 15 21 2 37 30 43 17 6 35 27 29 26 36 18 5 42 16 45 32 19 11 12 20 47 4 28 41 23 9 34 44 25 3 1 40 8 0 7 46 
17 6 35 27 29 26 36 18 5 42 16 43 30 37 8 7 0 39 14 32 45 19 46 20 24 13 22 10 12 38 31 47 4 33 15 21 2 11 28 41 23 9 34 44 25 3 1 40 
24 13 22 11 32 45 35 27 6 43 30 37 8 7 0 39 14 19 46 20 12 10 31 38 47 4 33 40 21 15 2 29 26 18 36 5 42 16 44 34 25 3 41 23 9 28 1 17 
7 8 0 39 14 32 45 43 30 27 17 6 35 29 26 18 36 5 42 16 22 13 24 12 46 20 38 31 47 4 33 40 21 15 2 11 19 10 28 41 23 9 34 44 25 3 1 37 
13 22 11 32 45 35 17 6 27 29 26 18 36 5 42 16 43 30 37 8 7 0 39 14 19 46 20 12 10 31 38 47 4 41 23 9 34 44 25 3 1 28 33 40 21 15 2 24 
43 30 37 10 22 13 24 12 46 20 38 31 47 4 40 21 15 7 8 0 39 14 32 45 35 17 6 27 29 26 36 18 5 42 16 19 11 2 28 41 23 9 34 44 25 3 1 33 
28 38 31 46 20 13 24 12 22 10 14 39 21 15 8 37 30 43 17 6 35 27 29 26 36 18 5 42 16 45 32 19 11 2 33 40 34 44 23 25 3 41 9 47 4 1 0 7 
17 6 35 27 29 26 36 18 5 42 16 43 30 37 8 7 0 39 14 32 45 19 46 20 24 13 22 10 12 38 31 47 4 33 40 21 15 2 11 34 44 23 9 41 28 1 25 3 17 
9 41 47 4 28 33 22 13 24 12 46 20 38 31 23 44 34 25 3 1 26 36 18 16 42 29 5 27 17 6 35 43 30 37 8 7 0 39 14 32 45 19 11 10 15 21 2 40 
15 21 2 33 24 13 22 12 46 20 38 31 47 4 28 41 23 9 34 44 25 3 1 40 35 17 6 27 29 26 36 18 5 42 16 43 30 45 32 14 11 19 10 39 8 0 7 37 
2 22 13 24 12 46 20 38 31 47 4 33 40 28 41 23 9 34 44 25 3 1 32 45 35 17 6 27 29 26 36 18 5 42 16 43 30 37 8 7 0 39 14 11 19 10 21 15 
9 41 47 4 31 38 24 13 22 10 46 20 32 45 35 27 6 17 43 30 37 8 7 0 39 14 11 19 36 18 26 42 29 5 16 34 44 25 3 23 28 33 40 21 15 2 1 12 
3 25 41 31 38 47 4 28 33 22 13 24 12 20 19 32 45 35 27 6 17 43 30 37 8 7 0 39 14 11 10 21 15 40 2 36 18 26 42 29 5 16 44 34 9 23 1 46 
26 36 18 16 42 29 5 27 17 6 35 43 30 39 14 32 45 37 7 0 21 15 33 24 13 22 10 46 20 12 38 31 47 4 41 23 9 34 44 25 3 1 28 40 2 11 19 8 
19 45 32 14 17 6 35 27 29 26 36 18 5 42 16 43 30 37 8 7 0 39 21 2 33 24 13 22 11 10 46 20 12 38 31 47 4 41 23 9 34 44 25 3 1 28 40 15 
6 17 43 35 27 29 26 36 18 5 42 16 39 14 32 45 30 37 8 0 21 15 33 24 13 22 10 46 20 12 38 31 23 34 44 9 41 25 3 4 28 1 40 2 11 19 7 47 
30 43 17 6 35 27 29 18 36 5 42 16 45 32 14 37 8 7 0 39 21 15 40 33 22 13 24 12 46 20 38 31 47 4 41 25 3 34 44 23 9 28 1 11 19 10 2 26 
44 34 25 3 41 31 38 47 4 28 33 24 13 22 12 46 20 19 32 45 30 37 8 7 0 39 14 11 10 21 15 40 2 35 27 6 17 36 18 26 42 29 5 16 23 9 1 43 
40 33 22 13 24 12 46 20 38 31 47 4 41 23 9 44 34 25 3 28 1 27 29 26 36 18 5 42 16 35 17 6 43 30 45 32 14 19 11 39 10 15 21 2 8 37 0 7 
15 21 2 33 28 41 31 38 47 4 24 13 22 12 46 20 23 9 44 34 25 3 6 17 43 35 27 29 26 36 18 5 42 16 45 32 14 30 37 8 7 0 39 11 10 40 1 19 
7 8 37 30 43 17 6 35 27 29 26 36 18 5 42 16 45 32 14 19 46 20 24 13 22 12 11 39 10 28 4 41 23 9 44 34 25 3 1 40 33 2 21 15 0 38 31 47 
8 37 30 43 17 6 35 27 29 26 36 18 5 42 16 45 32 14 11 19 46 20 24 13 22 10 12 38 31 47 4 41 23 9 44 34 25 3 28 33 40 21 15 2 0 7 1 39 
3 25 34 44 23 19 32 45 30 43 17 6 35 27 29 26 42 16 36 5 37 8 0 21 15 28 24 13 22 10 20 46 12 38 31 47 4 41 9 1 40 33 2 39 14 11 7 18 
0 8 39 14 32 45 37 30 43 17 6 35 27 29 26 18 36 5 42 16 21 15 22 13 24 12 46 20 38 31 47 4 28 33 40 2 11 19 10 41 23 9 34 44 25 3 1 7 
32 45 30 43 17 6 29 26 18 36 5 42 16 35 27 37 8 0 21 15 24 13 22 10 20 46 19 11 14 39 7 12 38 31 47 4 28 33 40 2 41 9 34 44 23 3 1 25 
35 17 6 27 29 26 18 36 5 42 16 43 30 37 8 0 21 15 28 24 13 22 10 32 45 14 11 46 20 12 38 31 47 4 41 23 9 34 44 25 3 1 40 33 2 39 7 19 
45 32 14 11 19 46 20 12 24 13 22 10 39 8 7 0 21 15 33 40 4 47 38 34 44 23 9 41 25 3 18 36 5 29 42 26 16 27 17 6 35 43 30 37 2 28 1 31 
12 24 13 22 10 39 14 32 45 37 30 43 17 35 27 29 26 18 36 5 42 16 20 46 19 11 8 0 7 21 15 28 31 38 47 4 41 23 9 34 44 25 3 1 40 33 2 6 
34 44 23 28 33 22 13 24 12 20 38 31 47 4 41 9 25 3 1 40 15 21 2 39 14 32 45 37 30 43 17 6 35 27 29 26 18 36 5 42 16 19 11 10 8 0 7 46 
6 17 35 27 29 5 36 18 42 16 43 30 37 8 7 0 39 14 32 45 19 46 20 22 13 24 12 10 11 21 15 33 40 4 47 38 31 28 25 3 34 44 23 9 41 1 2 26 
6 17 35 27 29 26 18 36 5 42 16 43 30 37 8 7 0 39 14 32 45 13 24 12 22 10 46 20 38 31 23 9 41 25 3 34 44 28 4 33 40 15 21 2 11 19 1 47 
30 43 17 6 35 27 29 26 18 36 5 42 16 39 14 32 45 21 15 7 0 8 37 19 46 20 22 13 24 12 10 11 2 40 28 4 47 38 31 23 9 41 25 3 34 44 1 33 
11 19 45 32 14 39 10 22 21 15 7 8 0 37 30 43 17 6 35 27 29 26 18 36 5 42 16 46 20 24 12 38 31 47 4 28 33 40 2 41 23 9 34 44 25 3 1 13 
20 46 19 32 45 30 43 17 6 35 27 29 26 18 36 5 42 16 31 47 4 28 33 22 13 24 12 10 11 14 39 8 7 0 21 15 2 40 37 41 23 9 34 44 25 3 1 38 
45 32 14 11 22 13 24 12 46 20 38 47 4 33 40 21 15 2 39 8 7 0 37 30 43 17 6 35 27 29 26 18 36 5 42 16 19 10 28 41 23 9 34 44 25 3 1 31 
25 3 34 44 23 31 38 47 4 28 33 22 13 24 12 46 20 19 32 45 30 43 17 6 35 27 29 26 18 36 5 42 16 14 11 10 39 8 0 15 21 2 40 7 41 9 1 37 
36 18 26 42 29 5 27 17 6 35 43 30 37 8 7 0 39 14 32 45 19 46 20 22 13 24 12 10 11 21 15 33 40 4 47 38 31 28 34 44 23 9 41 25 1 16 2 3 
0 8 39 14 32 45 43 30 37 17 6 35 27 29 26 18 36 5 42 16 21 15 19 46 20 12 22 13 33 40 7 11 10 2 38 31 47 4 28 25 3 34 44 23 9 41 1 24 
11 19 45 32 14 39 10 22 13 24 12 46 20 38 31 47 41 23 9 34 44 25 3 28 33 40 15 21 2 8 7 0 37 30 43 17 6 35 27 29 26 18 36 5 42 16 1 4 
43 30 37 8 7 0 39 14 32 45 27 17 6 35 29 18 26 42 16 5 20 46 19 11 10 22 13 24 12 38 31 47 4 33 40 21 15 2 28 41 23 9 34 44 25 3 1 36 
47 4 38 31 24 13 22 11 32 45 35 17 6 43 30 37 8 7 0 39 14 19 46 20 12 10 21 15 33 40 2 29 26 18 36 5 42 16 44 34 23 9 41 28 1 25 3 27 
25 3 41 28 24 13 22 11 14 45 43 30 37 8 7 0 39 21 15 33 40 4 47 38 31 20 46 19 27 17 6 35 29 26 18 36 5 42 16 12 10 2 23 9 44 34 1 32 
43 30 45 32 14 11 20 46 19 29 26 18 36 5 42 16 27 17 6 35 39 10 22 13 24 12 38 31 47 4 33 40 21 15 2 8 0 7 28 41 23 9 34 44 25 3 1 37 
42 26 18 36 5 29 27 17 6 35 43 30 37 8 7 0 39 14 32 45 19 46 20 22 13 24 12 10 11 21 15 33 40 4 47 38 31 28 41 23 9 34 25 3 1 2 16 44 
14 32 45 37 30 43 17 6 27 35 29 18 36 5 26 42 16 19 46 20 12 24 13 22 10 11 39 8 0 7 21 15 2 33 40 28 4 41 9 31 38 23 44 34 25 3 1 47 
11 14 39 10 22 13 24 12 46 20 38 31 47 4 28 33 21 15 2 29 18 36 5 26 42 16 27 6 17 35 43 30 45 32 19 8 0 7 40 23 9 41 25 3 34 44 1 37 
25 3 34 44 9 41 38 31 24 13 12 39 14 32 45 37 30 43 17 6 27 35 29 18 36 5 26 42 16 19 46 20 11 10 8 0 7 21 15 2 33 40 28 4 47 23 1 22 
11 14 39 10 22 13 24 12 46 20 38 31 47 4 28 33 21 15 2 32 45 37 30 43 17 6 27 35 29 18 36 5 26 42 16 19 8 0 7 40 23 9 41 25 3 34 1 44 
44 34 23 9 41 47 4 28 24 13 22 10 19 32 45 30 43 17 6 27 35 29 18 36 5 26 42 16 37 8 0 15 21 2 39 14 11 46 20 12 38 31 33 40 7 1 25 3 
28 4 47 38 31 23 9 41 25 3 34 44 24 13 22 10 14 32 45 35 17 6 27 29 18 36 5 26 42 16 43 30 11 39 8 0 7 21 15 2 33 40 19 46 20 12 1 37 
45 32 14 11 19 46 20 12 24 13 33 28 4 47 38 31 23 9 41 25 3 34 44 37 30 43 17 6 27 35 29 18 36 5 26 42 16 10 39 8 0 7 21 15 2 40 1 22 
41 23 9 34 44 25 3 28 4 47 38 31 24 13 22 10 19 32 45 30 43 17 6 27 35 29 18 36 5 26 42 16 37 8 0 21 2 39 14 11 46 20 12 33 40 7 1 15 
41 23 9 34 44 25 3 28 4 47 38 31 24 12 22 10 32 45 30 43 17 6 27 35 29 18 36 5 26 42 16 19 46 20 14 11 39 8 0 7 37 21 15 2 33 40 1 13 
20 46 19 32 45 30 43 17 6 27 35 29 18 36 5 26 42 16 24 13 22 10 12 38 31 47 4 28 33 21 15 7 0 8 39 14 11 37 2 40 23 9 41 25 3 44 1 34 
3 25 34 44 11 14 45 32 19 46 20 12 24 13 22 10 21 15 2 33 40 28 4 47 38 31 23 9 41 1 16 26 18 36 5 29 42 27 6 17 35 43 30 37 8 0 7 39 
43 17 6 27 35 30 37 8 0 15 21 2 33 22 13 24 12 45 32 14 11 19 46 20 38 31 47 4 28 25 3 34 44 9 41 1 40 39 10 29 18 36 5 26 42 16 7 23 
25 3 34 44 23 9 41 47 4 28 31 38 24 13 22 10 20 46 19 32 45 30 43 17 35 27 29 18 36 5 26 42 16 21 15 7 0 8 39 14 11 12 33 40 2 37 1 6 
13 24 12 22 10 33 32 45 30 43 17 6 27 35 29 18 36 5 26 42 16 25 3 41 47 4 28 1 40 15 21 2 39 14 11 19 46 20 38 31 23 44 34 37 8 0 7 9 
3 25 34 44 23 9 41 47 4 28 31 38 24 13 22 10 19 45 30 43 17 6 27 35 29 18 36 5 26 42 16 37 8 0 21 15 14 11 46 20 12 33 40 2 39 7 1 32 
36 18 26 42 29 5 27 6 17 35 43 30 37 8 0 21 15 22 13 24 12 46 20 38 31 47 4 28 33 39 14 45 32 19 10 2 40 7 44 34 9 41 25 3 23 1 16 11 
45 32 14 39 10 22 13 24 12 46 20 38 31 47 4 28 33 21 15 2 19 35 17 6 27 29 18 36 5 26 42 16 43 30 37 8 0 7 40 25 3 34 44 9 41 23 1 11 
36 18 26 42 29 5 27 6 17 35 43 30 37 8 0 21 15 22 13 24 12 46 20 38 31 47 4 28 33 40 2 39 14 32 45 11 19 10 7 44 34 23 9 41 25 3 1 16 
34 44 23 12 24 13 22 10 39 14 32 45 37 30 43 17 6 27 35 29 18 36 5 26 42 16 19 46 20 38 31 47 4 28 33 2 21 15 7 0 8 11 41 9 25 3 1 40 
20 46 19 32 45 30 43 17 6 27 35 29 18 26 42 16 5 37 8 0 21 15 22 13 24 12 10 11 14 39 7 2 33 40 28 4 47 38 31 23 9 41 25 3 34 44 1 36 
46 20 19 32 45 30 43 27 6 35 29 18 36 5 26 42 16 31 38 47 4 28 33 22 13 24 12 10 11 14 39 8 7 0 21 15 2 40 37 44 34 23 9 41 25 3 1 17 
35 17 6 27 29 18 36 5 26 42 16 43 30 37 8 0 11 14 45 32 19 46 20 13 24 12 22 10 21 15 7 4 47 38 31 28 33 40 2 41 9 34 44 25 3 23 1 39 
30 43 17 6 27 35 32 45 14 11 19 46 20 13 24 12 22 10 39 8 2 21 15 29 18 36 5 26 42 16 37 7 0 40 33 31 38 47 4 28 1 25 3 34 44 9 23 41 
37 30 43 17 6 27 35 36 18 26 42 29 16 34 44 23 9 41 47 4 28 31 38 24 13 22 10 20 46 19 32 45 14 11 39 8 0 7 21 15 2 33 40 12 3 25 1 5 
31 20 10 11 14 8 0 7 2 13 12 22 17 6 29 5 18 26 16 36 35 30 37 19 32 43 39 15 21 24 4 47 9 3 25 1 28 23 34 44 38 33 40 41 42 45 46 27 
3 1 4 47 9 23 13 12 10 11 14 8 0 7 2 15 21 20 19 18 16 5 26 29 17 6 27 35 30 37 32 43 36 42 22 24 31 38 28 33 39 45 40 34 44 41 46 25 
37 0 7 8 6 17 27 5 18 26 16 29 35 14 11 10 12 13 22 2 15 21 20 19 32 42 36 30 43 39 24 4 47 9 3 25 1 28 23 31 38 34 44 41 40 45 46 33 
44 34 3 25 1 4 47 9 23 12 10 11 14 8 0 2 13 22 19 17 6 27 5 18 26 16 29 35 30 37 7 21 24 20 31 38 28 33 39 32 45 42 36 43 40 41 46 15 
44 34 9 12 10 11 14 8 0 2 13 22 15 21 7 17 6 27 5 18 26 16 29 35 30 37 32 19 20 24 4 47 23 25 1 28 31 38 33 39 40 36 42 43 45 46 41 3 
46 10 11 14 19 13 12 20 17 6 27 5 18 26 16 29 36 35 30 37 0 7 8 15 21 2 22 24 4 47 23 9 3 25 1 28 31 38 32 45 39 40 34 44 41 42 43 33 
3 25 1 4 47 9 23 20 10 11 14 19 17 6 27 5 18 26 16 29 36 35 30 37 0 7 8 15 21 2 13 12 22 24 28 31 32 45 39 33 40 41 34 44 42 43 46 38 
22 2 0 7 8 14 11 10 12 13 24 4 47 9 3 25 1 28 20 19 27 5 18 26 16 29 35 6 17 42 36 30 37 21 15 33 32 45 39 38 31 23 34 44 41 40 43 46 22 
10 11 14 17 6 27 5 18 26 16 29 35 30 37 0 7 8 15 2 13 12 20 22 19 32 45 39 24 4 47 9 3 25 1 28 31 38 23 34 44 41 33 40 36 42 43 46 21 
5 18 26 16 29 27 6 35 19 10 11 14 21 0 7 8 30 37 22 2 12 13 24 4 47 9 3 25 1 28 20 31 38 23 34 44 33 15 39 32 45 43 36 42 40 41 46 17 
20 12 10 11 14 22 2 8 0 7 15 21 13 24 4 47 23 9 3 25 1 28 33 32 19 17 6 27 5 18 26 16 36 35 30 37 39 43 45 40 31 38 41 34 44 42 46 29 
23 9 3 25 1 4 47 13 10 11 14 22 2 8 0 7 15 21 27 6 17 35 5 18 26 16 29 36 42 19 32 45 30 37 39 12 20 31 38 28 33 40 41 34 44 43 46 24 
22 2 8 0 7 14 11 10 12 13 24 4 47 23 9 3 25 1 28 31 38 19 32 39 15 21 29 5 18 26 16 36 6 17 27 35 30 37 43 45 33 40 41 34 44 42 46 20 
25 3 1 4 47 13 12 10 11 14 22 2 8 0 7 15 21 27 6 17 35 5 18 26 16 29 36 42 19 32 45 30 37 39 20 24 31 38 9 23 34 44 28 33 40 41 43 46 
16 18 26 5 29 27 6 35 30 37 0 7 8 11 10 12 13 22 2 15 21 14 32 19 24 4 47 20 31 38 9 3 25 1 28 33 39 43 36 42 44 34 23 41 40 45 46 17 
23 9 3 25 1 4 47 13 12 10 11 14 19 22 15 21 0 7 8 32 37 30 17 6 27 5 18 26 16 29 36 35 42 31 38 20 24 28 33 39 43 45 46 34 44 41 40 2 
43 6 27 5 18 26 16 29 36 35 11 10 12 13 22 2 14 32 19 24 4 47 23 9 3 25 1 28 31 38 20 46 7 0 8 30 37 39 15 21 33 40 41 34 44 42 45 17 
16 18 26 29 27 6 17 35 30 37 7 0 8 14 11 10 12 13 22 2 15 21 32 19 39 33 4 47 23 9 3 25 1 28 24 20 31 38 40 41 34 44 36 42 43 45 46 5 
40 2 10 11 14 32 19 12 13 22 15 21 0 7 8 37 30 17 6 27 5 18 26 16 29 36 35 43 45 39 20 24 4 47 23 9 3 25 1 28 33 31 38 41 34 44 42 46 40 
33 2 10 11 14 32 19 12 13 22 15 21 0 7 8 37 30 17 6 27 5 18 26 16 29 36 35 43 45 39 20 24 4 47 9 23 25 3 1 28 34 44 31 41 40 42 46 38 
22 10 11 14 19 20 12 13 24 2 8 0 7 15 21 28 1 3 25 9 23 4 47 31 38 32 45 6 17 27 5 18 26 16 29 36 35 30 37 43 42 34 44 41 33 40 46 39 
10 11 14 22 2 8 0 7 15 21 13 12 20 24 4 47 23 9 3 25 1 28 33 38 19 32 39 27 6 17 35 5 18 26 16 29 36 42 30 37 43 45 46 40 34 44 41 31 
25 3 1 4 47 13 12 10 11 14 32 39 0 7 8 21 2 15 45 43 35 27 29 42 36 18 26 16 6 17 37 30 46 24 38 31 41 34 44 23 9 40 33 28 22 20 5 19 
27 35 29 42 36 18 16 17 6 43 45 32 22 33 40 39 21 15 14 11 46 20 38 47 4 41 31 28 24 13 12 19 37 30 10 8 7 0 2 44 34 25 3 23 9 1 5 26 
33 40 39 45 43 35 27 29 42 26 36 18 16 17 6 32 19 46 20 38 47 4 41 31 28 24 13 12 14 11 10 37 30 15 21 8 7 0 2 44 34 25 3 23 9 1 5 22 
0 39 37 45 43 35 27 29 42 26 36 18 16 6 32 19 46 22 24 13 33 40 28 47 4 41 34 44 25 3 23 31 38 20 12 11 14 30 15 21 8 7 10 2 9 1 5 17 
42 29 36 18 26 16 35 27 17 6 43 45 39 22 24 20 46 19 14 11 12 38 47 4 41 31 34 44 25 3 28 40 33 21 15 10 30 37 8 7 0 13 2 23 9 1 5 32 
44 34 41 47 4 38 31 46 24 22 32 45 43 35 27 29 42 26 36 18 16 6 17 37 30 39 15 21 10 19 14 11 20 12 33 40 28 23 9 25 3 5 8 7 0 2 1 13 
15 21 39 45 43 35 27 29 42 36 18 26 16 17 6 37 30 24 38 47 4 41 34 44 25 3 28 40 33 22 20 46 19 14 11 12 13 31 23 9 10 8 7 0 2 5 1 32 
47 4 41 34 44 28 40 35 36 26 42 29 27 17 43 45 37 39 32 19 46 24 22 20 31 33 21 15 13 12 14 11 10 30 16 18 5 6 8 7 0 2 25 3 23 9 1 38 
10 46 35 29 42 36 18 26 16 27 17 43 45 37 32 22 39 21 15 40 33 38 47 4 41 34 44 25 3 28 23 31 20 19 14 11 30 8 7 0 13 12 6 5 9 2 1 24 
34 44 41 47 4 38 31 46 32 45 43 35 27 29 42 36 18 26 16 17 6 37 30 39 22 24 13 33 40 28 25 3 23 21 15 11 19 20 12 14 10 8 7 0 2 5 1 9 
15 21 39 45 43 35 27 29 42 36 18 26 16 17 6 37 30 22 33 40 46 20 38 47 4 41 31 28 25 3 44 34 23 9 24 13 12 19 14 11 10 8 7 0 2 5 1 32 
34 44 41 47 4 38 31 33 40 37 45 43 35 27 29 42 36 18 26 16 17 6 32 19 30 39 21 15 22 24 13 20 12 14 11 10 8 7 0 2 28 25 3 23 9 1 5 46 
35 43 45 39 37 32 46 31 38 41 44 34 28 40 33 24 22 20 21 15 26 42 36 18 29 27 17 6 30 19 14 11 13 12 10 16 5 23 25 3 9 7 8 0 2 4 1 47 
41 47 31 38 46 45 43 37 39 32 35 29 42 36 26 18 27 17 6 30 33 40 28 25 3 44 34 23 24 22 21 15 14 20 19 16 5 13 12 10 8 7 2 4 9 1 0 11 
40 46 39 45 43 35 29 42 36 26 18 17 27 6 37 32 22 33 47 4 41 44 34 25 3 31 38 28 24 20 19 16 5 30 14 11 12 13 15 10 8 7 0 2 23 9 1 21 
0 39 45 43 35 27 36 26 42 18 16 17 6 37 30 32 19 46 24 38 47 4 41 34 44 25 3 28 40 33 22 14 11 15 21 10 20 31 23 9 13 12 8 7 5 2 1 29 
46 39 45 43 35 27 36 26 42 29 18 16 19 32 30 37 17 6 14 11 22 33 47 4 1 3 25 9 23 12 10 0 7 5 2 8 13 24 20 21 15 28 31 38 34 44 41 40 
41 1 4 47 9 23 12 10 8 0 2 11 14 19 16 5 18 26 29 6 17 27 35 30 37 7 15 21 13 22 20 24 28 25 33 31 38 32 39 40 34 44 36 42 43 45 46 3 
5 18 26 16 29 6 17 27 35 11 10 2 0 8 14 19 12 13 22 15 21 24 4 47 1 3 25 9 23 28 20 31 38 32 39 30 37 42 36 43 45 33 40 34 44 41 46 7 
15 0 7 2 8 11 10 12 13 22 14 19 6 17 27 5 18 26 16 29 35 30 37 21 20 24 4 41 3 25 9 23 28 31 38 33 32 39 40 34 44 36 42 43 45 46 47 1 
0 2 8 7 6 17 27 5 18 26 16 29 35 11 10 12 13 21 15 4 47 1 3 25 9 23 20 19 14 30 32 37 22 24 31 38 33 39 40 34 44 41 36 42 43 45 46 28 
0 2 7 8 10 11 14 17 6 5 18 26 16 27 29 35 19 12 13 21 15 4 28 1 3 25 9 23 20 22 24 31 38 32 30 37 36 42 39 40 34 44 41 47 43 45 46 33 
32 45 43 30 37 17 27 35 6 36 18 26 42 29 5 16 46 20 38 31 47 4 41 28 33 40 22 13 24 12 11 39 19 10 21 15 7 8 0 2 34 44 25 3 9 23 1 14 
40 33 24 13 22 12 46 20 38 31 47 41 28 21 15 30 43 35 27 17 6 42 29 36 18 26 16 5 45 32 19 14 39 11 10 8 37 7 0 2 34 44 25 3 9 23 1 4 
32 45 35 27 17 6 36 18 26 42 29 5 16 39 14 11 37 30 19 46 20 38 31 47 4 41 28 33 40 21 15 8 7 0 22 13 24 12 10 2 34 44 25 3 9 23 1 43 
25 3 44 34 23 41 47 4 38 31 29 42 26 36 5 35 27 17 6 43 32 45 37 30 39 14 11 22 13 24 12 46 20 19 10 33 40 21 15 7 8 0 2 28 1 9 16 18 
10 46 22 24 13 33 40 28 47 4 41 25 3 44 34 23 12 31 38 20 39 14 45 43 30 37 8 7 0 21 15 2 19 17 6 35 27 36 18 26 42 29 5 16 11 9 1 32 
15 21 30 43 32 45 35 17 6 36 18 26 42 29 5 16 39 14 11 22 13 24 31 38 47 4 41 28 33 40 10 46 20 12 19 37 8 7 0 2 34 44 25 3 9 23 1 27 
33 40 28 47 4 41 25 3 44 34 23 24 13 22 12 46 20 38 31 39 21 7 8 37 43 30 45 32 19 14 11 10 27 35 17 6 36 18 26 42 29 5 16 9 1 2 0 15 
5 36 18 26 42 29 35 27 17 43 45 32 19 46 22 14 39 21 15 40 33 24 13 12 20 38 31 47 4 41 28 10 11 37 30 8 7 0 2 34 44 25 3 23 9 1 16 6 
47 4 41 28 38 31 33 40 22 20 46 19 35 27 17 6 43 45 32 14 39 21 15 8 7 0 30 36 18 26 42 29 5 16 44 34 25 3 23 9 24 13 12 11 10 2 1 37 
32 45 43 35 27 6 36 18 26 42 29 5 16 39 21 15 40 33 24 13 22 12 46 20 38 31 47 4 41 28 10 14 11 19 37 30 8 7 0 2 34 44 25 3 9 23 1 17 
44 34 25 3 41 47 4 38 31 32 45 43 30 37 17 27 35 6 36 18 26 42 29 5 16 46 20 24 13 33 40 22 12 11 39 19 10 21 15 7 8 0 2 28 1 23 9 14 
1 41 47 4 38 31 33 40 28 25 3 44 34 23 9 39 24 13 22 12 46 20 32 45 43 35 27 6 36 18 26 42 29 5 16 37 30 14 11 19 10 21 15 7 8 0 2 17 
28 47 4 41 31 38 24 13 33 40 22 19 46 20 12 21 15 39 32 45 43 35 27 6 36 18 26 42 29 5 16 37 30 14 11 10 8 7 0 2 34 44 25 3 23 9 1 17 
21 15 40 33 28 47 4 41 25 3 44 34 23 31 38 39 32 45 43 30 37 14 11 46 20 19 35 27 17 6 36 18 26 42 29 5 16 22 13 12 10 8 7 0 2 9 1 24 
37 43 35 27 17 6 45 32 19 22 24 13 33 40 28 47 4 41 25 3 44 34 23 31 38 20 12 11 14 39 21 15 8 7 0 30 42 29 36 18 26 16 5 10 2 9 1 46 
33 40 28 47 41 25 3 44 34 23 31 38 24 13 22 14 45 39 32 35 27 17 6 43 30 37 8 7 0 21 15 10 46 20 12 19 11 42 29 36 18 26 16 5 2 9 1 4 
20 46 24 13 33 40 28 47 4 41 38 31 32 45 43 30 37 19 27 35 17 6 36 18 26 42 29 5 16 39 14 11 12 22 10 21 15 8 7 0 2 34 44 25 3 23 1 9 
46 22 24 13 33 40 28 47 4 41 25 3 44 34 23 10 39 32 45 43 30 37 14 11 19 36 18 26 42 29 5 35 27 17 6 16 21 15 8 7 0 2 20 31 12 9 1 38 
9 44 34 41 47 4 38 31 46 24 13 33 40 28 22 15 21 39 37 45 43 35 27 26 42 36 18 29 5 17 6 32 19 14 11 10 20 12 23 3 1 16 30 8 7 0 2 25 
32 45 43 35 27 18 36 29 42 26 16 34 44 41 47 4 38 31 46 22 24 13 33 40 28 23 9 25 3 30 37 19 17 6 39 14 11 10 20 12 21 15 8 7 0 2 1 5 
18 36 26 42 29 6 27 35 17 43 45 32 19 46 22 24 38 47 4 41 28 40 33 21 15 39 14 11 10 20 31 23 44 34 25 3 9 16 5 37 30 8 7 0 2 12 1 13 
40 33 28 47 41 31 38 24 13 22 20 46 19 39 35 27 17 6 43 45 32 14 11 12 10 36 18 26 42 29 5 16 37 30 8 7 0 21 15 2 34 44 25 3 23 9 1 4 
31 38 47 4 41 28 40 33 24 13 22 20 46 19 45 43 35 27 17 6 36 18 26 42 29 5 16 39 21 15 10 14 11 37 30 8 7 0 2 12 44 34 25 3 23 9 1 32 
32 19 46 20 31 38 47 4 41 25 3 34 44 23 9 28 33 24 13 22 12 10 14 39 15 21 2 40 29 36 18 26 42 16 17 6 35 27 5 43 30 37 8 0 7 11 1 45 
21 15 40 33 24 13 22 12 46 20 38 31 47 4 41 25 3 34 44 23 9 28 1 37 30 43 17 6 35 27 36 18 26 42 29 5 16 45 32 19 14 39 11 10 8 0 7 2 
42 26 18 36 5 27 35 17 6 43 30 45 32 19 46 20 31 38 47 4 41 25 3 34 44 23 9 28 33 24 13 22 12 10 14 39 11 37 8 0 21 15 40 2 7 16 1 29 
12 24 13 33 40 22 10 46 20 38 31 47 4 41 25 3 44 23 9 28 1 36 18 26 42 29 5 27 35 17 6 43 30 45 32 19 14 39 11 37 8 0 21 15 7 2 16 34 
20 46 19 32 45 39 14 11 10 22 13 24 12 38 31 47 4 41 25 3 34 44 23 9 33 40 21 15 7 8 37 30 43 17 35 27 36 18 26 42 29 5 16 2 0 28 1 6 
6 27 35 17 43 30 45 32 19 46 20 31 38 47 4 41 25 3 34 44 23 9 28 33 24 13 22 12 10 14 39 11 37 8 0 21 15 40 2 7 36 18 26 42 29 5 1 16 
28 47 4 41 25 3 34 44 23 9 38 31 24 13 33 40 21 15 14 43 30 45 32 19 46 20 12 22 10 11 39 8 37 17 6 35 27 29 26 42 18 5 16 7 0 2 1 36 
46 20 31 38 47 4 41 25 3 34 44 23 9 28 33 32 45 43 30 37 14 39 15 21 7 8 0 22 13 24 12 10 11 19 35 27 17 6 36 26 42 29 5 16 2 40 1 18 
37 30 43 17 6 27 36 18 26 42 29 5 16 45 32 19 46 20 31 38 47 4 41 25 3 34 44 23 9 28 33 24 13 22 12 10 14 39 11 21 15 40 2 8 0 7 1 35 
2 33 40 28 47 4 41 25 3 34 44 23 9 38 31 24 13 22 12 46 20 32 45 43 30 37 11 14 39 10 21 15 8 0 7 35 27 17 6 36 18 26 42 29 16 19 1 5 
10 39 21 15 37 30 43 17 6 35 27 36 18 26 42 29 5 45 32 19 46 20 31 38 47 4 41 25 3 34 44 23 9 28 33 24 13 22 12 14 11 8 0 7 40 2 1 16 
11 32 45 43 30 37 8 39 14 27 35 17 6 36 18 26 42 29 5 16 44 34 25 3 41 47 4 38 31 24 13 22 12 46 20 19 10 33 40 28 1 23 9 21 2 7 0 15 
40 33 24 13 22 12 46 20 38 31 47 4 41 25 3 44 34 23 9 28 1 42 29 26 18 5 27 35 17 6 43 30 45 32 19 14 39 11 10 21 15 7 8 37 0 2 16 36 
11 32 45 43 30 37 39 14 35 27 17 6 36 18 26 42 29 5 16 46 20 31 38 47 4 41 25 3 34 44 23 9 28 33 40 21 15 7 0 22 13 24 12 10 19 2 1 8 
27 35 17 6 43 30 45 32 19 46 14 39 21 15 40 33 24 13 22 12 31 38 47 4 41 25 3 34 44 23 9 28 1 42 29 26 36 18 5 16 37 8 7 0 11 10 2 20 
31 38 47 4 41 25 3 42 29 26 36 18 5 27 35 17 6 43 30 45 32 19 46 20 24 13 33 40 22 12 11 14 39 10 21 15 7 8 0 2 28 1 34 44 23 9 16 37 
9 41 47 4 38 31 24 13 23 44 34 25 3 29 36 18 26 42 16 27 35 17 6 43 30 45 32 19 14 39 21 15 40 33 22 12 20 11 10 8 37 7 0 2 28 1 5 46 
33 40 24 13 22 12 46 20 38 31 47 4 41 25 3 37 30 43 17 6 35 27 36 18 26 42 16 5 45 32 19 14 39 11 10 21 15 7 8 0 2 28 1 34 44 23 9 29 
8 39 27 35 17 6 43 30 45 32 19 46 20 31 38 47 4 41 28 33 24 13 22 12 11 14 37 7 0 21 15 2 10 42 29 26 36 18 16 5 44 34 25 3 9 23 1 40 
40 33 24 13 22 12 46 20 38 31 47 4 41 25 3 44 34 23 9 28 2 21 15 39 14 32 19 17 35 27 6 43 30 37 8 7 0 11 10 42 29 26 36 18 5 16 1 45 
4 47 41 28 38 31 24 13 33 40 21 15 22 39 14 45 32 19 46 20 12 17 35 27 6 43 30 37 8 7 0 11 36 18 26 42 29 5 16 34 44 25 3 9 23 2 1 10 
18 36 26 42 29 5 27 35 17 6 43 30 45 32 19 46 20 31 38 47 4 41 25 3 44 34 23 9 28 33 40 21 15 12 24 22 10 14 39 11 37 8 7 0 2 16 1 13 
32 45 43 30 37 14 39 21 15 40 33 24 13 22 12 46 20 38 31 47 4 41 28 2 11 19 35 27 17 6 36 18 26 16 42 29 5 1 3 25 34 44 23 8 0 7 10 9 
2 21 15 0 7 8 37 30 43 17 6 27 29 5 36 18 26 16 42 35 32 14 11 10 22 12 13 24 20 46 19 45 39 33 28 4 47 38 31 23 34 44 3 25 41 1 40 9 
7 0 8 37 30 43 17 6 27 29 5 36 18 26 16 42 35 32 14 11 10 12 13 24 20 46 19 39 2 21 15 33 28 4 47 38 31 23 9 25 3 34 44 41 1 40 45 22 
34 44 9 23 31 38 13 22 10 11 14 32 45 18 36 5 29 26 16 42 17 6 27 35 43 30 37 8 7 15 21 2 33 24 12 20 46 19 39 28 4 47 41 1 3 25 40 0 
22 10 11 14 32 45 17 6 27 29 5 36 18 26 16 42 35 43 30 37 8 0 7 15 21 2 13 24 12 20 46 19 39 33 28 4 47 38 31 23 9 25 3 34 44 41 40 1 
22 10 11 14 32 19 35 6 17 27 5 29 26 18 36 16 42 30 37 8 0 7 15 21 2 13 24 12 20 46 33 28 4 47 31 38 23 9 25 3 34 44 41 1 40 39 43 45 
22 10 11 14 32 45 17 6 27 29 5 36 18 26 16 42 35 43 30 37 8 0 7 15 21 2 13 24 12 20 46 19 31 38 4 47 28 1 9 23 34 44 3 25 41 33 40 39 
9 23 31 38 13 22 10 11 14 32 45 19 35 6 17 27 5 29 26 18 36 16 42 30 43 37 8 0 7 15 21 39 12 24 20 46 28 4 47 41 1 3 25 34 44 33 40 2 
33 4 47 28 1 9 25 3 34 44 20 12 13 24 22 10 11 14 32 45 19 39 2 21 15 0 7 8 37 30 43 17 6 27 29 5 36 18 26 16 42 35 46 31 38 41 40 23 
16 26 18 36 5 29 35 6 17 27 42 19 11 14 32 10 22 12 13 24 20 46 8 0 7 21 15 2 33 28 4 47 38 31 23 9 25 3 34 44 41 1 40 37 30 43 39 45 
28 4 47 24 12 13 10 11 14 32 45 19 38 31 20 46 7 0 8 37 30 43 17 6 27 29 5 36 18 26 16 42 35 21 15 2 33 40 1 9 23 34 44 3 25 41 39 22 
43 17 6 27 29 5 36 18 26 16 42 35 19 11 14 32 10 22 12 13 24 20 46 8 0 7 21 15 2 33 28 4 47 38 31 23 9 25 3 34 44 41 1 40 37 30 39 45 
24 12 13 22 10 11 14 32 45 30 37 8 0 7 15 21 2 33 28 4 47 38 31 20 46 19 27 6 35 29 5 36 18 26 42 16 43 39 40 1 23 9 25 3 34 44 41 17 
14 11 10 22 12 20 38 31 23 34 44 3 25 28 4 47 24 13 33 2 21 15 0 7 8 37 30 43 17 6 27 29 5 36 18 26 42 16 35 32 45 19 46 39 40 1 41 9 
3 25 9 34 44 17 6 27 29 5 36 18 26 42 16 32 14 11 10 22 12 20 38 31 15 21 0 7 8 37 30 43 35 45 19 46 13 24 4 47 28 1 41 33 2 39 40 23 
34 44 9 23 31 38 13 22 10 11 14 32 45 19 36 18 26 16 42 29 5 27 6 17 35 43 30 37 0 7 15 21 2 33 24 12 20 46 39 28 4 47 41 1 3 25 40 8 
7 0 8 37 30 43 17 6 27 35 5 36 18 26 42 16 14 11 10 22 12 20 38 31 21 15 2 24 13 33 28 4 47 23 9 25 3 34 44 41 1 40 39 32 45 19 46 29 
13 22 10 11 14 32 45 19 35 6 17 27 5 29 26 18 36 16 42 30 43 37 8 0 7 15 21 2 33 12 24 20 46 31 38 4 47 28 1 9 23 34 44 3 25 41 39 40 
29 5 36 18 26 42 16 17 6 27 35 43 30 37 8 0 7 15 2 22 10 11 14 32 45 19 46 12 20 24 13 33 28 4 47 38 31 23 9 25 3 34 44 41 1 40 39 21 
26 18 36 5 29 42 16 17 6 27 43 30 37 8 0 7 15 21 2 22 10 11 14 32 45 19 46 12 20 24 13 33 28 4 47 38 31 23 9 25 3 34 44 41 1 40 39 35 
39 8 0 7 21 15 2 14 11 10 22 12 20 46 19 32 45 30 37 17 6 27 29 5 36 18 26 42 16 35 43 13 24 31 23 9 25 3 34 44 41 4 47 28 1 33 40 38 
14 11 10 22 12 20 38 31 23 9 25 3 34 44 24 13 21 15 0 7 8 37 30 43 17 6 27 29 5 36 18 26 42 16 35 32 45 19 46 2 33 28 4 47 41 1 40 39 
31 38 13 24 12 20 46 10 11 14 32 45 19 17 6 27 35 26 18 36 5 42 16 30 43 37 8 0 7 15 21 2 22 33 28 4 47 23 9 25 3 34 44 41 1 40 39 29 
15 21 0 7 8 37 30 43 17 6 27 29 5 36 18 26 16 42 32 11 14 39 2 13 22 10 12 20 31 38 24 4 47 28 1 9 23 34 44 3 25 41 33 40 19 46 35 45 
47 4 24 12 13 22 10 11 14 32 45 17 6 27 18 26 5 29 42 16 35 43 30 37 8 0 7 15 21 2 33 28 1 9 23 31 38 20 46 19 39 40 25 3 34 44 41 36 
38 31 12 13 24 10 11 14 32 45 17 6 27 18 36 5 26 16 42 29 35 43 30 37 8 0 7 15 21 2 22 33 28 4 47 23 9 25 3 34 41 1 39 19 46 20 40 44 
17 6 27 18 36 5 26 16 42 29 35 43 30 37 8 0 7 15 21 2 22 10 11 14 32 45 19 46 12 20 24 31 38 4 47 28 1 9 23 34 44 3 25 41 33 40 39 13 
40 4 24 12 13 22 10 11 14 32 45 17 6 27 5 29 18 36 26 16 42 35 43 30 37 8 0 7 15 21 2 33 28 1 9 23 31 38 20 46 19 39 25 3 34 44 41 47 
15 21 0 7 8 37 30 43 6 17 27 5 26 18 36 29 42 16 24 12 13 22 10 11 14 32 45 19 46 20 31 38 4 47 23 9 25 3 34 44 28 1 41 2 39 35 40 33 
11 14 32 39 0 7 8 37 30 43 6 17 27 5 26 18 36 29 42 16 35 45 10 22 12 13 24 20 38 31 4 47 23 9 25 3 1 28 33 2 21 15 40 19 46 41 44 34 
0 7 8 37 30 43 17 6 27 18 36 5 29 26 16 42 35 21 15 2 13 22 10 11 14 32 45 19 46 12 24 20 31 38 4 47 28 1 23 34 44 3 25 41 33 40 39 9 
17 6 27 18 36 5 29 26 16 42 32 11 14 39 2 15 21 0 7 8 37 30 43 35 45 10 22 12 13 24 20 46 19 31 38 4 47 23 9 25 3 34 44 1 28 33 40 41 
12 13 24 20 31 38 4 47 23 9 25 3 34 44 7 0 8 37 30 43 17 6 27 26 16 36 5 29 42 35 19 11 14 32 45 15 21 2 22 10 39 33 28 1 41 40 46 18 
12 13 24 20 38 31 4 47 23 9 25 3 34 44 10 11 14 32 45 17 6 27 18 36 5 29 26 16 42 35 43 30 37 8 0 7 15 21 2 22 33 28 1 41 40 39 46 19 
24 12 10 11 14 32 45 17 6 27 18 36 5 29 26 16 42 35 43 30 37 8 0 7 15 21 2 22 33 28 4 47 31 38 20 46 19 39 40 1 9 23 34 44 3 25 41 13 
14 11 10 22 12 13 24 20 41 4 47 28 1 3 25 9 23 31 38 19 32 45 17 6 27 29 5 26 18 36 16 42 35 43 30 37 8 0 7 15 21 2 33 40 39 46 34 44 
9 23 31 38 12 13 24 11 14 32 45 17 6 27 29 5 26 18 36 16 42 35 43 30 37 8 0 21 15 2 22 10 39 19 46 20 4 47 28 1 25 3 34 44 41 33 40 7 
28 4 47 24 12 11 14 32 45 17 6 27 29 5 26 18 36 16 42 35 43 30 37 8 0 7 15 21 2 13 10 39 19 46 20 31 38 23 9 25 3 34 44 41 1 33 40 22 
15 21 0 7 8 37 30 43 17 6 27 26 18 36 5 29 42 16 32 14 11 10 22 12 13 24 20 46 19 35 45 39 2 33 28 4 47 31 38 23 34 44 3 25 40 1 41 9 
9 23 31 38 12 13 24 11 14 32 45 17 6 27 35 29 26 18 36 16 42 19 20 46 10 22 2 21 15 0 7 8 37 30 43 39 33 28 4 47 41 1 3 25 34 44 40 5 
27 6 17 35 19 11 14 32 45 30 37 8 0 7 15 21 2 13 22 10 12 24 20 46 31 38 47 28 1 9 23 34 44 3 25 41 33 40 39 29 5 26 18 36 16 42 43 4 
25 3 9 23 31 38 12 13 24 11 14 32 45 17 6 27 29 5 26 18 36 16 42 35 43 30 37 8 0 7 15 21 2 22 10 39 19 46 20 4 28 1 41 34 44 33 40 47 
4 47 24 12 13 22 10 11 14 32 45 17 6 27 29 5 36 26 16 42 35 43 30 37 8 0 7 15 21 2 33 28 1 9 23 31 38 20 46 19 39 40 25 3 34 44 41 18 
4 47 24 12 13 22 10 11 14 32 45 17 6 27 29 5 26 18 36 16 42 35 43 19 46 20 31 38 21 8 0 7 15 2 33 28 1 9 23 34 44 3 25 41 39 37 40 30 
23 31 38 12 13 24 15 21 0 7 8 37 30 43 17 6 27 29 5 26 18 36 16 42 35 32 14 11 10 22 2 33 28 4 47 41 1 3 25 34 44 20 46 19 45 39 40 9 
25 3 9 23 31 38 12 13 24 14 11 10 22 2 21 15 0 7 8 37 30 43 17 6 27 29 5 26 18 36 16 42 35 32 45 19 46 20 4 47 28 1 41 33 40 39 44 34 
46 10 11 14 32 45 17 6 27 29 5 26 18 36 16 42 35 43 30 37 8 0 7 15 2 22 12 13 24 20 31 38 4 47 28 1 9 23 34 44 3 25 41 33 40 39 19 21 
1 7 0 8 30 37 14 11 10 20 12 13 22 2 15 33 24 28 4 47 31 38 19 32 45 17 6 27 5 26 18 36 16 42 29 35 43 39 40 9 23 34 44 3 25 41 46 21 
27 6 17 35 5 18 29 26 16 36 42 12 13 22 10 11 14 32 33 2 15 21 0 7 8 37 30 43 45 19 46 20 24 28 1 4 47 31 38 9 23 34 44 3 25 41 40 39 
24 12 13 22 2 15 21 0 7 8 37 30 43 6 17 27 5 18 26 16 36 29 42 32 11 14 39 19 45 35 20 38 31 4 47 23 9 25 3 28 1 40 33 41 34 44 46 10 
2 13 22 10 11 19 32 45 17 6 27 5 18 26 16 36 29 42 35 43 30 37 7 0 8 39 15 21 24 12 20 38 31 4 47 23 9 25 3 28 1 40 33 41 34 44 46 14 
3 25 9 23 28 1 4 47 24 12 10 11 14 32 19 22 2 15 21 0 7 8 37 30 43 17 27 5 18 26 16 36 29 42 35 45 39 13 33 40 20 38 31 41 34 44 46 6 
6 17 27 5 26 18 36 29 42 16 19 11 14 32 45 30 37 7 0 8 21 12 13 24 10 39 2 15 33 20 38 31 4 47 23 9 25 3 34 44 28 1 41 40 35 43 46 22 
30 37 8 0 7 15 21 13 22 10 11 14 32 35 6 17 27 5 26 18 36 29 42 16 19 43 45 39 12 20 31 38 4 47 24 33 28 1 3 25 9 23 34 44 41 40 46 2 
29 5 18 36 26 16 42 6 17 27 35 32 11 10 14 39 0 7 8 37 30 43 45 19 24 12 13 22 2 15 33 20 38 31 4 47 23 9 25 3 34 44 28 1 41 40 46 21 
4 47 22 10 11 14 32 35 6 17 27 5 26 18 36 29 42 16 19 39 0 7 8 37 30 43 45 2 15 21 13 24 12 20 38 31 23 9 3 25 1 28 33 40 46 34 44 41 
4 47 23 9 25 3 22 10 11 14 39 0 7 8 30 37 17 6 27 5 18 36 26 16 42 29 35 43 45 19 46 12 13 24 20 31 38 2 21 15 33 28 1 41 34 44 40 32 
35 6 17 27 5 18 36 26 29 42 14 11 10 13 22 2 15 21 0 7 8 37 30 43 32 45 19 39 12 20 31 38 4 47 24 33 28 1 3 25 9 23 34 44 41 40 46 16 
8 0 7 15 21 2 13 22 10 11 14 32 39 20 12 24 31 38 4 47 23 9 25 3 34 44 6 17 35 27 5 26 18 36 29 42 16 19 45 30 37 43 41 1 28 33 46 40 
27 6 17 35 11 14 32 43 30 37 8 0 7 15 21 2 13 22 10 12 24 31 38 4 47 23 9 25 3 34 44 26 18 36 5 29 42 16 19 45 39 33 28 1 41 40 46 20 
42 18 36 5 26 16 29 17 6 27 35 32 11 14 37 8 0 7 15 21 2 13 22 10 12 20 31 38 23 9 25 3 34 44 4 47 24 33 28 1 41 19 45 30 43 39 46 40 
42 18 36 5 26 16 29 17 6 27 35 32 11 14 37 8 0 7 15 21 2 13 22 10 12 20 31 38 24 4 47 28 1 3 25 9 34 44 41 33 40 30 43 45 19 46 39 23 
20 12 13 22 10 11 14 32 35 6 17 27 5 26 18 36 29 42 16 19 45 30 37 8 0 7 15 21 2 33 24 31 38 4 47 23 9 25 3 34 28 1 41 39 43 46 40 44 
30 37 8 0 7 14 11 10 19 32 45 17 6 27 5 18 26 16 42 29 35 43 15 21 2 22 12 13 24 20 39 33 28 1 4 47 31 38 23 9 25 3 34 44 41 40 46 36 
26 18 36 5 29 16 6 17 35 27 32 11 14 39 0 7 8 37 30 43 45 10 22 12 13 24 20 38 31 4 47 23 9 25 3 34 44 28 1 40 2 21 15 33 19 46 41 42 
17 6 27 5 26 18 36 29 42 16 30 37 8 0 7 15 21 2 13 22 10 11 14 32 45 35 43 19 46 12 20 24 31 38 4 28 1 9 23 34 44 3 25 41 33 40 39 47 
28 4 47 23 9 25 3 34 44 13 22 10 11 14 32 39 0 8 37 30 43 6 17 27 5 26 18 36 29 42 16 35 45 19 46 12 20 24 31 38 2 21 15 33 40 1 41 7 
19 11 14 32 45 17 6 27 5 26 18 36 29 42 16 35 43 30 37 8 0 7 15 21 2 22 12 13 24 20 38 31 4 47 25 3 9 23 34 44 28 1 41 33 40 39 46 10 
34 44 9 23 24 12 10 11 14 32 39 0 7 8 37 30 43 6 17 27 5 29 26 16 36 42 35 45 19 46 20 13 22 2 21 15 33 28 1 4 47 38 31 40 3 25 41 18 
16 18 36 5 26 29 27 6 17 35 37 30 43 32 11 14 39 0 7 15 21 2 13 22 10 12 20 31 38 23 9 25 3 34 44 4 47 24 33 28 1 41 40 19 45 42 46 8 
32 11 10 12 13 22 2 15 21 0 7 8 30 35 6 17 27 5 29 26 16 36 42 14 39 19 43 37 45 20 24 4 47 25 3 9 23 31 38 28 1 34 44 41 33 40 46 18 
15 21 0 7 8 14 11 10 12 13 22 2 24 4 47 20 31 9 23 25 3 1 28 33 39 19 32 45 17 6 27 5 18 26 16 29 36 35 37 30 43 42 34 44 41 40 46 38 
43 6 17 27 5 18 26 16 35 29 36 42 10 11 14 32 19 22 2 13 12 24 4 47 23 9 3 25 1 28 33 15 21 0 7 8 37 30 45 39 40 31 38 41 34 44 46 20 
0 7 8 14 11 10 12 13 22 2 15 21 30 35 6 17 27 5 18 26 16 29 36 42 19 39 37 43 45 20 24 4 47 23 9 3 25 1 28 33 38 31 41 34 44 40 46 32 
39 0 7 8 14 11 10 12 13 22 2 15 21 20 24 31 38 23 9 3 25 1 28 33 40 17 6 27 5 18 26 16 29 36 35 30 37 32 19 45 43 42 46 41 34 44 47 4 
5 18 26 16 36 27 6 17 35 29 42 11 10 12 13 22 2 15 21 0 7 8 30 37 14 32 19 39 33 20 24 4 47 28 1 3 25 9 23 31 38 41 40 43 45 46 44 34 
45 14 11 10 12 13 22 2 15 21 0 7 8 37 30 32 19 20 24 28 1 3 25 9 23 31 38 4 47 33 40 26 18 36 5 29 27 6 17 35 43 39 46 41 34 44 42 16 
40 2 12 10 11 14 32 17 6 27 5 18 26 16 36 29 42 30 37 7 0 8 21 15 13 22 20 24 19 39 33 4 47 28 1 3 25 9 23 31 38 41 34 44 35 43 46 45 
30 27 6 17 35 5 18 26 16 36 29 42 11 10 12 13 22 2 15 21 7 8 37 14 32 19 39 33 4 47 23 9 25 3 1 28 24 20 38 31 41 34 44 40 43 45 46 0 
15 21 0 7 8 14 11 10 12 20 24 19 32 45 17 6 27 5 18 26 16 36 29 42 35 39 2 22 33 4 47 28 1 3 25 9 23 31 38 41 34 44 37 30 43 46 40 13 
34 44 3 25 9 23 4 47 13 12 10 11 14 32 19 20 24 22 2 15 21 7 8 37 30 27 6 17 35 5 18 26 16 36 29 42 43 45 39 33 28 1 40 31 38 41 46 0 
12 13 22 10 11 14 32 19 20 24 4 47 28 1 3 25 9 23 31 38 8 0 7 15 21 2 33 40 29 5 18 26 16 36 27 6 17 35 42 30 37 39 45 43 46 34 41 44 
12 13 22 10 11 14 32 19 20 24 4 47 28 1 3 25 9 23 31 38 7 0 8 37 30 35 6 17 27 5 18 26 16 36 42 43 45 39 2 15 21 33 40 41 34 44 46 29 
32 11 10 12 13 22 2 15 21 0 7 8 30 37 14 39 19 26 18 36 5 29 27 6 17 35 43 45 16 42 20 24 28 4 47 31 38 23 9 25 3 34 44 41 33 40 46 1 
45 14 11 10 12 13 22 2 15 21 0 7 8 37 30 32 19 20 24 28 1 3 9 23 31 38 4 47 33 40 26 18 36 5 29 27 6 17 35 43 16 42 39 46 34 44 41 25 
38 24 12 10 11 14 32 17 6 27 5 18 26 16 36 29 42 30 37 7 0 8 21 2 13 22 20 31 4 47 23 9 25 3 1 28 33 15 39 19 46 35 43 34 44 41 40 45 
25 3 9 23 20 12 13 22 10 11 14 32 19 30 37 7 0 8 21 2 15 33 24 28 1 4 47 31 38 39 35 6 17 27 5 18 26 16 36 29 42 43 45 46 40 41 34 44 
43 6 17 27 5 18 26 16 36 29 42 30 35 19 11 10 13 22 2 15 21 0 7 8 37 32 45 39 12 20 24 31 38 4 47 23 9 25 3 28 1 40 33 41 34 44 46 14 
42 16 18 26 5 29 27 6 17 35 32 11 10 13 22 2 15 21 0 7 8 37 30 43 36 14 39 19 45 12 24 31 38 4 47 23 9 25 3 28 1 40 33 41 34 44 46 20 
45 14 11 10 13 22 2 15 21 0 7 8 37 30 43 17 27 5 18 26 16 36 29 42 32 19 35 20 12 24 31 38 4 47 23 9 25 3 28 1 40 33 39 46 34 44 41 6 
14 11 10 12 20 24 22 2 15 21 0 7 8 37 30 36 18 5 26 16 42 29 6 17 27 35 43 32 19 45 39 33 4 47 28 1 3 25 9 23 31 38 41 34 44 40 46 13 
24 12 10 11 14 32 19 20 31 4 47 13 22 2 15 21 0 7 8 37 30 43 6 17 27 5 18 26 16 36 29 42 35 45 39 33 28 1 3 25 9 23 34 44 41 40 46 38 
28 4 47 38 31 20 12 22 10 11 14 32 45 30 43 17 6 27 35 18 36 5 29 42 16 19 46 13 24 33 2 21 15 0 8 37 7 39 40 1 25 3 23 9 41 34 44 26 
35 17 6 27 5 36 18 26 42 16 29 32 14 11 10 22 13 24 12 20 46 19 45 30 43 37 8 0 7 21 15 2 33 40 28 4 47 38 31 23 41 3 25 34 44 1 39 9 
7 0 8 37 30 43 17 6 27 35 26 18 36 5 29 42 16 19 14 11 32 45 39 10 22 13 24 12 20 46 31 38 47 4 28 1 25 3 23 9 41 34 44 21 15 2 33 40 
33 13 24 12 22 2 21 15 0 8 37 30 43 17 6 27 35 26 18 36 5 29 42 16 19 32 14 11 39 45 20 46 31 38 47 4 28 1 25 3 23 9 41 34 44 40 7 10 
31 38 21 15 2 22 10 11 14 32 45 30 43 17 6 27 35 26 36 5 29 42 16 19 46 12 24 13 33 40 7 0 8 37 39 20 23 9 34 44 25 3 41 4 47 28 1 18 
0 8 37 30 43 17 6 27 35 29 5 36 18 26 42 16 19 32 45 11 10 22 13 24 12 20 46 33 2 21 15 39 7 40 28 4 47 38 31 23 9 34 44 3 25 41 1 14 
40 15 21 2 22 10 11 14 32 45 30 43 17 6 27 35 19 46 13 24 12 20 38 47 4 28 1 25 3 23 9 41 34 44 7 0 8 37 39 33 26 18 36 5 29 42 16 31 
31 38 24 13 22 10 11 14 32 45 30 43 17 6 27 35 19 46 20 21 15 2 33 40 8 0 7 37 39 26 18 36 5 29 42 16 9 25 3 34 44 23 41 4 47 28 1 12 
11 14 32 45 30 43 17 6 35 19 46 12 22 10 20 24 13 33 2 21 15 0 8 37 7 39 29 5 36 18 26 42 16 25 3 9 31 38 47 4 28 1 41 23 34 44 40 27 
45 32 14 11 19 46 18 36 5 29 26 42 16 27 6 17 35 43 30 37 8 0 7 21 15 2 22 13 24 12 20 33 40 28 4 47 38 31 23 9 34 44 25 3 41 1 39 10 
11 14 32 45 30 43 17 6 27 35 19 46 12 22 10 20 24 13 33 2 21 15 0 8 37 7 39 29 5 36 18 26 42 16 25 3 9 23 41 4 47 38 31 28 1 40 44 34 
21 15 2 22 10 11 14 32 45 30 43 17 6 27 35 26 18 36 5 29 42 16 19 46 13 24 12 20 38 31 28 4 47 41 9 23 34 44 3 25 1 33 40 0 7 37 39 8 
3 25 9 34 44 23 41 4 47 28 1 24 13 21 15 2 22 10 11 14 32 45 30 43 17 6 27 35 26 18 36 5 29 42 16 19 46 12 20 38 31 33 40 7 0 8 39 37 
12 22 10 11 32 45 30 43 17 6 27 35 26 18 36 5 29 42 16 19 46 20 24 13 33 2 21 15 0 8 37 7 39 38 31 23 9 34 44 25 3 41 4 47 28 1 40 14 
21 15 2 22 10 11 14 32 45 30 43 17 6 27 35 26 18 36 5 29 42 16 19 46 13 24 12 20 33 40 8 0 7 37 39 28 4 38 31 23 9 34 44 25 3 41 1 47 
30 43 17 6 27 35 29 5 36 18 16 42 19 32 14 11 10 22 13 24 12 20 46 37 8 0 7 21 15 2 33 40 28 4 47 38 31 23 9 34 44 25 3 41 1 39 45 26 
21 15 2 22 10 11 14 32 45 30 43 17 6 27 35 26 18 36 5 29 42 16 19 46 13 24 12 20 33 40 8 0 7 37 39 28 4 38 31 23 9 34 44 25 3 41 1 47 
5 36 18 26 42 29 27 6 17 35 43 30 37 8 0 7 21 15 2 22 10 11 14 32 45 19 46 13 24 12 20 33 40 28 4 47 38 31 23 9 41 1 3 34 44 16 39 25 
32 19 11 14 39 8 0 7 30 43 17 6 27 35 29 5 36 18 26 42 16 37 45 10 22 13 24 12 20 46 33 31 38 47 4 28 1 25 3 34 44 9 23 41 40 15 21 2 
18 26 29 5 27 6 17 35 43 30 37 8 0 7 21 15 2 22 10 11 14 32 45 24 13 12 20 46 19 39 33 40 28 4 47 38 31 23 9 34 44 25 3 41 1 16 42 36 
31 38 24 12 20 46 10 22 2 21 15 0 8 37 30 43 17 6 27 35 29 5 36 18 26 42 16 19 14 11 32 45 39 7 33 40 28 4 47 41 9 23 34 44 3 25 1 13 
28 4 47 38 31 20 12 24 13 22 10 11 14 32 45 30 43 17 35 27 5 36 18 26 42 29 16 19 46 23 9 34 44 25 3 41 1 33 2 21 15 0 8 37 7 39 40 6 
44 9 23 41 10 22 13 24 12 20 46 19 14 11 32 45 30 43 17 6 27 35 26 18 36 5 29 42 16 21 15 2 33 40 8 0 7 37 39 31 38 47 4 28 1 25 3 34 
11 14 32 45 30 43 17 6 27 35 18 36 5 29 26 42 16 19 46 12 20 24 13 22 10 33 2 21 15 0 8 37 7 39 38 31 23 9 34 44 3 25 41 4 47 1 40 28 
11 14 32 45 30 43 17 6 27 35 16 26 36 5 29 42 19 46 12 20 24 13 22 10 33 2 21 15 0 8 37 7 39 38 31 23 9 34 44 3 25 41 4 47 28 1 40 18 
30 43 17 6 27 35 19 14 11 32 45 29 5 36 18 26 42 16 10 22 13 24 31 38 20 46 15 21 2 33 39 8 0 7 37 28 4 47 41 9 23 34 44 3 25 1 40 12 
19 14 11 24 13 12 20 46 10 22 2 21 15 0 8 37 30 43 17 6 27 35 26 18 36 5 29 42 16 32 45 39 7 33 40 28 4 47 38 31 23 41 3 25 34 44 1 9 
11 14 32 45 30 43 17 6 27 35 18 36 5 29 26 42 16 19 46 10 22 12 20 24 13 2 21 15 0 8 37 7 39 38 31 23 9 34 44 3 25 41 4 47 28 1 40 33 
40 15 21 2 22 10 11 14 32 45 30 43 17 6 35 18 36 5 29 26 42 16 19 46 12 20 24 13 33 28 4 47 38 31 23 9 34 44 3 25 41 1 7 0 8 37 39 27 
7 0 8 37 30 43 17 6 27 35 26 18 36 5 29 42 16 19 14 11 32 45 39 10 22 12 24 13 33 2 21 15 40 28 4 47 38 20 46 23 9 34 44 3 25 41 1 31 
20 12 22 10 11 14 32 45 30 43 17 6 27 35 18 36 5 29 26 42 16 19 46 13 24 33 2 21 15 0 8 37 7 39 38 31 23 41 4 47 28 1 25 3 34 44 40 9 
0 8 37 30 43 17 6 27 35 26 18 36 5 29 42 16 19 14 11 32 45 39 10 22 12 24 13 33 2 21 15 7 40 28 1 25 3 9 23 41 47 38 31 20 46 34 44 4 
6 17 35 27 5 29 26 18 36 16 42 30 43 37 8 0 7 15 21 2 22 10 11 14 32 45 19 46 12 20 24 13 33 40 28 4 47 38 31 23 9 41 3 25 1 44 39 34 
15 21 2 22 10 11 14 32 45 30 43 17 6 27 35 18 36 5 29 26 42 16 19 46 12 20 24 13 33 40 4 47 38 31 23 9 34 44 3 25 41 1 7 0 8 37 39 28 
5 29 26 18 36 27 6 17 35 43 30 37 8 0 7 21 15 2 22 10 11 32 45 19 46 12 20 24 13 33 40 28 4 47 38 31 23 9 34 44 3 25 41 1 42 16 39 14 
36 18 26 29 5 27 6 17 35 43 30 45 32 14 11 10 22 13 24 12 20 46 19 31 38 47 4 28 1 25 3 9 23 41 34 44 8 0 7 21 15 2 33 40 39 42 16 37 
15 21 2 22 10 11 14 32 45 30 43 17 6 27 35 18 36 5 29 26 42 16 19 46 12 20 24 13 33 39 8 0 7 37 28 4 47 38 31 23 9 41 3 25 1 40 44 34 
0 8 37 30 43 17 6 27 35 26 18 36 5 29 42 16 19 14 11 32 45 39 10 22 13 24 31 38 20 46 2 21 15 7 33 40 28 4 47 41 9 23 34 44 3 25 1 12 
9 23 38 31 20 12 22 10 11 14 32 45 30 43 6 27 35 18 36 5 29 26 42 16 19 46 13 24 33 2 21 15 0 8 37 7 39 40 28 4 47 41 3 25 34 44 1 17 
31 38 20 12 22 10 11 14 32 45 30 43 17 35 27 5 29 26 18 36 16 42 19 46 13 24 33 2 21 15 0 8 37 7 39 40 28 4 47 41 9 23 34 44 3 25 1 6 
34 44 9 23 41 4 47 28 1 3 19 14 11 32 45 30 43 17 6 27 35 18 36 5 29 26 42 16 15 21 2 22 10 13 24 12 20 46 37 8 0 7 39 33 40 38 31 25 
33 13 24 12 22 10 11 14 32 45 30 43 17 6 27 35 18 36 5 29 26 42 16 19 46 31 38 47 4 28 1 25 3 9 23 41 34 44 8 0 7 37 39 2 21 15 40 20 
37 8 0 7 21 15 2 22 10 11 14 32 45 30 43 17 6 27 35 18 36 5 29 26 42 16 19 46 12 24 13 33 40 28 4 47 38 31 20 39 23 9 34 44 25 41 1 3 
35 17 6 27 5 26 18 29 42 16 30 43 45 32 14 11 10 22 13 24 12 20 46 19 33 2 21 15 0 8 37 7 39 38 31 23 9 34 44 4 47 28 1 25 3 41 40 36 
13 24 22 10 11 14 32 45 30 43 17 6 27 35 18 36 5 29 26 42 16 19 46 20 31 38 47 4 28 1 25 3 9 23 41 34 44 15 21 2 33 40 7 0 8 37 39 12 
35 17 27 5 29 26 18 36 16 42 20 12 22 10 11 14 32 45 30 43 37 8 0 7 15 21 2 33 13 24 38 31 23 9 34 44 3 25 41 4 47 28 1 40 39 19 46 6 
31 38 13 12 20 46 10 14 11 32 45 30 43 17 6 27 35 5 29 26 18 36 16 42 19 22 2 21 15 0 8 37 7 39 33 40 28 4 47 41 9 23 34 44 3 25 1 24 
16 26 18 36 5 29 27 6 17 35 43 30 37 8 0 7 15 21 2 22 10 11 14 32 45 19 46 12 20 24 13 33 38 31 23 9 34 44 3 25 41 4 47 28 1 40 39 42 
46 11 14 32 45 30 43 17 6 27 35 5 29 26 18 36 16 42 19 10 12 20 24 13 33 2 21 15 0 8 37 7 39 31 38 41 9 23 28 4 47 1 3 25 34 44 40 22 
20 12 22 10 11 14 32 45 27 6 17 43 30 37 8 0 7 15 21 2 33 13 24 38 31 23 9 34 44 3 25 41 4 47 28 1 36 18 26 16 42 29 5 19 46 39 40 35 
39 10 12 20 38 31 23 9 34 44 3 25 41 4 47 24 13 22 2 15 0 8 14 11 32 45 30 43 17 6 27 35 5 29 26 18 36 16 42 19 46 33 40 28 1 7 37 21 
44 34 9 23 31 38 20 12 22 10 11 14 32 45 30 43 17 6 27 35 5 29 36 18 16 42 19 46 13 24 15 21 0 8 37 7 39 2 33 40 28 4 47 41 3 25 1 26 
27 6 17 35 29 5 36 18 26 42 16 24 13 12 22 10 11 14 32 45 30 43 37 8 0 7 15 21 2 33 39 19 46 31 38 41 9 23 34 44 3 25 1 28 4 47 40 20 
21 15 2 22 10 11 14 32 45 30 43 17 6 27 35 5 29 26 18 36 16 42 19 46 12 20 24 13 33 38 31 23 9 34 44 3 25 41 4 47 28 1 40 0 8 37 7 39 21 
7 0 8 37 30 43 17 6 27 35 18 36 5 29 26 42 16 19 11 14 32 45 39 10 22 13 24 12 20 46 31 38 33 21 15 40 28 4 47 41 9 23 34 44 3 25 1 2 
32 14 11 10 22 12 20 46 19 30 43 17 6 27 35 18 36 5 29 26 42 16 37 8 7 21 15 2 33 13 24 38 31 23 9 34 44 3 25 41 4 47 28 1 40 39 45 0 
2 21 15 0 8 37 30 43 17 6 27 35 18 36 5 29 26 42 16 19 11 14 32 12 20 46 10 22 13 24 33 40 28 4 47 38 31 23 9 34 44 3 25 41 1 7 39 45 
29 5 36 18 26 42 16 27 6 17 35 43 30 37 8 0 7 15 21 2 22 10 11 14 32 45 19 46 12 24 31 38 20 33 40 28 4 47 41 9 23 34 44 3 25 1 39 13 
12 20 38 31 23 9 34 44 3 25 41 4 47 24 13 22 10 11 14 32 45 19 46 17 6 27 35 18 36 5 29 26 42 16 30 37 8 0 7 21 15 2 33 40 28 1 39 43 
4 47 28 1 25 3 9 23 38 31 20 12 22 10 11 14 32 45 30 43 17 6 27 35 16 26 18 36 5 29 42 19 46 13 24 33 2 21 0 8 37 7 39 40 41 34 44 15 
34 44 9 23 31 38 20 12 22 10 11 14 32 45 30 43 17 6 27 35 29 26 18 36 16 42 19 46 13 24 21 15 0 8 37 7 39 2 33 40 28 4 47 41 3 25 1 5 
41 9 23 31 38 20 12 22 10 11 14 32 45 30 43 17 6 27 35 16 26 18 36 5 29 42 19 46 13 24 21 15 2 33 39 8 0 7 37 28 4 47 25 3 34 44 40 1 
7 0 8 37 30 43 17 6 27 35 18 36 5 29 26 42 16 19 11 14 32 45 39 10 12 20 46 13 24 33 2 21 15 40 28 4 47 38 31 23 9 34 44 3 25 41 1 22 
30 43 17 6 27 35 19 12 20 46 10 14 11 32 45 29 5 36 18 26 42 16 9 23 34 44 3 25 41 4 28 1 24 13 22 2 21 15 0 8 37 7 39 33 40 38 31 47 
44 34 9 23 38 31 20 12 22 10 11 14 32 45 30 43 17 6 27 35 18 36 5 29 26 42 16 19 46 13 24 28 4 47 41 3 25 1 33 2 21 15 0 8 37 7 39 40 44 
9 23 34 44 5 29 26 18 36 16 42 27 6 17 35 43 30 37 8 0 7 15 21 2 22 10 11 14 32 45 19 46 12 20 24 13 33 40 28 4 47 38 31 41 3 25 1 39 
13 24 12 20 46 10 14 11 32 45 30 43 17 6 27 35 18 36 5 29 26 42 16 19 22 2 21 15 0 8 37 7 39 38 31 23 9 34 44 3 25 41 4 47 28 1 40 33 
4 47 28 1 25 3 9 23 38 31 20 12 22 10 11 14 32 45 19 46 13 24 33 2 21 15 0 8 37 30 17 6 27 35 16 26 18 36 5 29 42 39 7 40 41 34 44 43 
41 9 23 31 38 20 12 22 10 11 14 32 45 30 43 17 6 27 35 18 36 5 29 26 42 16 19 46 13 24 28 4 47 15 21 0 8 37 7 39 2 33 40 1 3 25 34 44 
35 6 17 27 5 29 26 18 36 16 42 19 11 14 32 45 30 43 37 8 0 7 15 21 24 13 12 20 46 10 22 33 28 4 47 38 31 23 9 34 44 3 25 41 1 40 39 2 
45 30 37 8 0 21 15 2 22 10 11 14 32 19 42 26 18 36 5 29 17 6 27 35 43 16 20 12 24 13 33 28 4 47 38 31 23 9 34 44 3 25 41 1 40 39 46 7 
13 24 12 20 38 31 19 11 14 32 45 27 6 17 35 29 5 36 18 26 42 16 30 43 37 8 0 7 21 2 22 10 46 39 33 28 4 47 25 3 9 23 41 1 34 44 40 15 
26 18 36 5 29 35 6 17 27 42 16 19 11 14 32 45 30 43 37 8 0 7 15 21 2 22 10 12 20 38 31 13 24 33 28 4 40 9 23 41 3 25 34 44 1 39 46 47 
6 17 35 27 5 29 26 18 36 16 42 19 11 14 32 45 30 37 8 0 7 15 21 2 22 10 12 20 38 31 23 9 25 3 34 44 33 13 24 28 4 47 41 1 40 39 46 43 
1 28 4 47 31 38 20 12 13 24 22 10 11 14 32 19 46 8 0 7 21 15 2 33 40 35 6 17 27 5 29 26 18 36 16 42 37 30 43 39 23 9 34 44 3 25 41 45 
6 17 35 27 5 29 26 18 36 16 42 19 11 14 32 45 30 43 37 0 7 15 21 2 22 10 12 20 46 13 24 33 31 38 23 9 34 44 3 25 41 4 47 28 1 40 39 8 
27 6 17 35 29 5 36 18 26 42 16 19 11 14 32 45 30 43 37 8 0 7 15 21 31 38 20 12 13 24 22 10 46 39 33 28 4 47 34 44 9 23 41 3 25 1 40 2 
12 20 31 38 24 13 22 10 11 14 32 45 27 6 17 35 29 26 18 36 16 42 19 46 8 0 7 21 15 2 33 28 4 47 34 44 9 23 41 3 25 1 40 39 37 30 43 5 
45 30 37 8 0 7 15 21 2 22 10 11 14 32 20 12 24 13 33 28 4 47 38 31 23 9 34 44 3 25 41 1 26 18 36 5 29 42 16 17 6 27 35 43 39 46 40 19 
13 24 12 20 45 30 37 8 0 7 15 21 2 22 10 11 14 32 19 46 31 38 23 9 34 44 3 25 41 4 47 28 1 17 6 27 35 29 5 36 18 16 42 43 39 33 40 26 
34 44 9 23 31 38 13 24 12 11 14 32 45 27 6 17 35 29 5 36 18 26 42 16 22 10 39 7 0 8 37 30 43 19 46 2 21 15 40 33 4 47 28 1 25 3 41 20 
29 5 36 18 26 42 16 17 6 27 35 43 30 37 8 0 7 15 21 22 10 11 14 32 45 19 46 12 20 24 13 33 38 31 23 9 34 44 3 25 41 4 47 28 1 40 39 2 
37 8 0 7 15 21 2 22 12 20 38 31 23 9 34 44 3 25 41 4 47 24 13 33 39 14 11 32 45 27 6 17 35 29 5 36 18 26 42 16 30 43 19 46 28 1 40 10 
46 11 14 32 45 27 6 17 35 29 5 36 18 26 42 16 19 10 22 12 20 24 13 33 2 21 15 0 8 37 30 43 7 39 38 31 23 9 34 44 3 25 41 4 47 1 